CURRENT TIME : 0.050000
VARIABLES : y - x - T - Te
ZONE T='Only Zone', I= 32, J=32  F=POINT
0.000000000000000, 0.000000000000000, 100.000000000000000, 99.960861206054688
0.000000000000000, 0.064516127109528, 100.000000000000000, 99.960861206054688
0.000000000000000, 0.129032254219055, 100.000000000000000, 99.960861206054688
0.000000000000000, 0.193548381328583, 100.000000000000000, 99.960861206054688
0.000000000000000, 0.258064508438110, 100.000000000000000, 99.960861206054688
0.000000000000000, 0.322580635547638, 100.000000000000000, 99.960861206054688
0.000000000000000, 0.387096762657166, 100.000000000000000, 99.960861206054688
0.000000000000000, 0.451612889766693, 100.000000000000000, 99.960861206054688
0.000000000000000, 0.516129016876221, 100.000000000000000, 99.960861206054688
0.000000000000000, 0.580645143985748, 100.000000000000000, 99.960861206054688
0.000000000000000, 0.645161271095276, 100.000000000000000, 99.960861206054688
0.000000000000000, 0.709677398204803, 100.000000000000000, 99.960861206054688
0.000000000000000, 0.774193525314331, 100.000000000000000, 99.960861206054688
0.000000000000000, 0.838709652423859, 100.000000000000000, 99.960861206054688
0.000000000000000, 0.903225779533386, 100.000000000000000, 99.960861206054688
0.000000000000000, 0.967741906642914, 100.000000000000000, 99.960861206054688
0.000000000000000, 1.032258033752441, 100.000000000000000, 99.960861206054688
0.000000000000000, 1.096774101257324, 100.000000000000000, 99.960861206054688
0.000000000000000, 1.161290168762207, 100.000000000000000, 99.960861206054688
0.000000000000000, 1.225806236267090, 100.000000000000000, 99.960861206054688
0.000000000000000, 1.290322303771973, 100.000000000000000, 99.960861206054688
0.000000000000000, 1.354838371276855, 100.000000000000000, 99.960861206054688
0.000000000000000, 1.419354438781738, 100.000000000000000, 99.960861206054688
0.000000000000000, 1.483870506286621, 100.000000000000000, 99.960861206054688
0.000000000000000, 1.548386573791504, 100.000000000000000, 99.960861206054688
0.000000000000000, 1.612902641296387, 100.000000000000000, 99.960861206054688
0.000000000000000, 1.677418708801270, 100.000000000000000, 99.960861206054688
0.000000000000000, 1.741934776306152, 100.000000000000000, 99.960861206054688
0.000000000000000, 1.806450843811035, 100.000000000000000, 99.960861206054688
0.000000000000000, 1.870966911315918, 100.000000000000000, 99.960861206054688
0.000000000000000, 1.935482978820801, 100.000000000000000, 99.960861206054688
0.000000000000000, 1.999999046325684, 100.000000000000000, 99.960861206054688
0.064516127109528, 0.000000000000000, 99.927947998046875, 99.922653198242188
0.064516127109528, 0.064516127109528, 99.941947937011719, 99.922653198242188
0.064516127109528, 0.129032254219055, 99.944953918457031, 99.922653198242188
0.064516127109528, 0.193548381328583, 99.945579528808594, 99.922653198242188
0.064516127109528, 0.258064508438110, 99.945549011230469, 99.922653198242188
0.064516127109528, 0.322580635547638, 99.945343017578125, 99.922653198242188
0.064516127109528, 0.387096762657166, 99.945121765136719, 99.922653198242188
0.064516127109528, 0.451612889766693, 99.944923400878906, 99.922653198242188
0.064516127109528, 0.516129016876221, 99.944763183593750, 99.922653198242188
0.064516127109528, 0.580645143985748, 99.944648742675781, 99.922653198242188
0.064516127109528, 0.645161271095276, 99.944572448730469, 99.922653198242188
0.064516127109528, 0.709677398204803, 99.944519042968750, 99.922653198242188
0.064516127109528, 0.774193525314331, 99.944488525390625, 99.922653198242188
0.064516127109528, 0.838709652423859, 99.944465637207031, 99.922653198242188
0.064516127109528, 0.903225779533386, 99.944458007812500, 99.922653198242188
0.064516127109528, 0.967741906642914, 99.944458007812500, 99.922653198242188
0.064516127109528, 1.032258033752441, 99.944458007812500, 99.922653198242188
0.064516127109528, 1.096774101257324, 99.944458007812500, 99.922653198242188
0.064516127109528, 1.161290168762207, 99.944465637207031, 99.922653198242188
0.064516127109528, 1.225806236267090, 99.944488525390625, 99.922653198242188
0.064516127109528, 1.290322303771973, 99.944519042968750, 99.922653198242188
0.064516127109528, 1.354838371276855, 99.944572448730469, 99.922653198242188
0.064516127109528, 1.419354438781738, 99.944648742675781, 99.922653198242188
0.064516127109528, 1.483870506286621, 99.944763183593750, 99.922653198242188
0.064516127109528, 1.548386573791504, 99.944923400878906, 99.922653198242188
0.064516127109528, 1.612902641296387, 99.945121765136719, 99.922653198242188
0.064516127109528, 1.677418708801270, 99.945343017578125, 99.922653198242188
0.064516127109528, 1.741934776306152, 99.945549011230469, 99.922653198242188
0.064516127109528, 1.806450843811035, 99.945579528808594, 99.922653198242188
0.064516127109528, 1.870966911315918, 99.944953918457031, 99.922653198242188
0.064516127109528, 1.935482978820801, 99.941947937011719, 99.922653198242188
0.064516127109528, 1.999999046325684, 99.927947998046875, 99.922653198242188
0.129032254219055, 0.000000000000000, 99.861793518066406, 99.852928161621094
0.129032254219055, 0.064516127109528, 99.869163513183594, 99.852928161621094
0.129032254219055, 0.129032254219055, 99.870468139648438, 99.852928161621094
0.129032254219055, 0.193548381328583, 99.870483398437500, 99.852928161621094
0.129032254219055, 0.258064508438110, 99.870025634765625, 99.852928161621094
0.129032254219055, 0.322580635547638, 99.869453430175781, 99.852928161621094
0.129032254219055, 0.387096762657166, 99.868911743164062, 99.852928161621094
0.129032254219055, 0.451612889766693, 99.868446350097656, 99.852928161621094
0.129032254219055, 0.516129016876221, 99.868095397949219, 99.852928161621094
0.129032254219055, 0.580645143985748, 99.867828369140625, 99.852928161621094
0.129032254219055, 0.645161271095276, 99.867652893066406, 99.852928161621094
0.129032254219055, 0.709677398204803, 99.867530822753906, 99.852928161621094
0.129032254219055, 0.774193525314331, 99.867462158203125, 99.852928161621094
0.129032254219055, 0.838709652423859, 99.867416381835938, 99.852928161621094
0.129032254219055, 0.903225779533386, 99.867393493652344, 99.852928161621094
0.129032254219055, 0.967741906642914, 99.867385864257812, 99.852928161621094
0.129032254219055, 1.032258033752441, 99.867385864257812, 99.852928161621094
0.129032254219055, 1.096774101257324, 99.867393493652344, 99.852928161621094
0.129032254219055, 1.161290168762207, 99.867416381835938, 99.852928161621094
0.129032254219055, 1.225806236267090, 99.867462158203125, 99.852928161621094
0.129032254219055, 1.290322303771973, 99.867530822753906, 99.852928161621094
0.129032254219055, 1.354838371276855, 99.867652893066406, 99.852928161621094
0.129032254219055, 1.419354438781738, 99.867828369140625, 99.852928161621094
0.129032254219055, 1.483870506286621, 99.868095397949219, 99.852928161621094
0.129032254219055, 1.548386573791504, 99.868446350097656, 99.852928161621094
0.129032254219055, 1.612902641296387, 99.868911743164062, 99.852928161621094
0.129032254219055, 1.677418708801270, 99.869453430175781, 99.852928161621094
0.129032254219055, 1.741934776306152, 99.870025634765625, 99.852928161621094
0.129032254219055, 1.806450843811035, 99.870483398437500, 99.852928161621094
0.129032254219055, 1.870966911315918, 99.870468139648438, 99.852928161621094
0.129032254219055, 1.935482978820801, 99.869163513183594, 99.852928161621094
0.129032254219055, 1.999999046325684, 99.861793518066406, 99.852928161621094
0.193548381328583, 0.000000000000000, 99.745025634765625, 99.730865478515625
0.193548381328583, 0.064516127109528, 99.751014709472656, 99.730865478515625
0.193548381328583, 0.129032254219055, 99.750465393066406, 99.730865478515625
0.193548381328583, 0.193548381328583, 99.749397277832031, 99.730865478515625
0.193548381328583, 0.258064508438110, 99.748168945312500, 99.730865478515625
0.193548381328583, 0.322580635547638, 99.746986389160156, 99.730865478515625
0.193548381328583, 0.387096762657166, 99.745948791503906, 99.730865478515625
0.193548381328583, 0.451612889766693, 99.745109558105469, 99.730865478515625
0.193548381328583, 0.516129016876221, 99.744461059570312, 99.730865478515625
0.193548381328583, 0.580645143985748, 99.743995666503906, 99.730865478515625
0.193548381328583, 0.645161271095276, 99.743667602539062, 99.730865478515625
0.193548381328583, 0.709677398204803, 99.743453979492188, 99.730865478515625
0.193548381328583, 0.774193525314331, 99.743316650390625, 99.730865478515625
0.193548381328583, 0.838709652423859, 99.743247985839844, 99.730865478515625
0.193548381328583, 0.903225779533386, 99.743202209472656, 99.730865478515625
0.193548381328583, 0.967741906642914, 99.743186950683594, 99.730865478515625
0.193548381328583, 1.032258033752441, 99.743186950683594, 99.730865478515625
0.193548381328583, 1.096774101257324, 99.743202209472656, 99.730865478515625
0.193548381328583, 1.161290168762207, 99.743247985839844, 99.730865478515625
0.193548381328583, 1.225806236267090, 99.743316650390625, 99.730865478515625
0.193548381328583, 1.290322303771973, 99.743453979492188, 99.730865478515625
0.193548381328583, 1.354838371276855, 99.743667602539062, 99.730865478515625
0.193548381328583, 1.419354438781738, 99.743995666503906, 99.730865478515625
0.193548381328583, 1.483870506286621, 99.744461059570312, 99.730865478515625
0.193548381328583, 1.548386573791504, 99.745109558105469, 99.730865478515625
0.193548381328583, 1.612902641296387, 99.745948791503906, 99.730865478515625
0.193548381328583, 1.677418708801270, 99.746986389160156, 99.730865478515625
0.193548381328583, 1.741934776306152, 99.748168945312500, 99.730865478515625
0.193548381328583, 1.806450843811035, 99.749397277832031, 99.730865478515625
0.193548381328583, 1.870966911315918, 99.750465393066406, 99.730865478515625
0.193548381328583, 1.935482978820801, 99.751014709472656, 99.730865478515625
0.193548381328583, 1.999999046325684, 99.745025634765625, 99.730865478515625
0.258064508438110, 0.000000000000000, 99.547401428222656, 99.525856018066406
0.258064508438110, 0.064516127109528, 99.554061889648438, 99.525856018066406
0.258064508438110, 0.129032254219055, 99.551658630371094, 99.525856018066406
0.258064508438110, 0.193548381328583, 99.549179077148438, 99.525856018066406
0.258064508438110, 0.258064508438110, 99.546844482421875, 99.525856018066406
0.258064508438110, 0.322580635547638, 99.544761657714844, 99.525856018066406
0.258064508438110, 0.387096762657166, 99.543014526367188, 99.525856018066406
0.258064508438110, 0.451612889766693, 99.541610717773438, 99.525856018066406
0.258064508438110, 0.516129016876221, 99.540550231933594, 99.525856018066406
0.258064508438110, 0.580645143985748, 99.539779663085938, 99.525856018066406
0.258064508438110, 0.645161271095276, 99.539253234863281, 99.525856018066406
0.258064508438110, 0.709677398204803, 99.538902282714844, 99.525856018066406
0.258064508438110, 0.774193525314331, 99.538688659667969, 99.525856018066406
0.258064508438110, 0.838709652423859, 99.538558959960938, 99.525856018066406
0.258064508438110, 0.903225779533386, 99.538490295410156, 99.525856018066406
0.258064508438110, 0.967741906642914, 99.538459777832031, 99.525856018066406
0.258064508438110, 1.032258033752441, 99.538459777832031, 99.525856018066406
0.258064508438110, 1.096774101257324, 99.538490295410156, 99.525856018066406
0.258064508438110, 1.161290168762207, 99.538558959960938, 99.525856018066406
0.258064508438110, 1.225806236267090, 99.538688659667969, 99.525856018066406
0.258064508438110, 1.290322303771973, 99.538902282714844, 99.525856018066406
0.258064508438110, 1.354838371276855, 99.539253234863281, 99.525856018066406
0.258064508438110, 1.419354438781738, 99.539779663085938, 99.525856018066406
0.258064508438110, 1.483870506286621, 99.540550231933594, 99.525856018066406
0.258064508438110, 1.548386573791504, 99.541610717773438, 99.525856018066406
0.258064508438110, 1.612902641296387, 99.543014526367188, 99.525856018066406
0.258064508438110, 1.677418708801270, 99.544761657714844, 99.525856018066406
0.258064508438110, 1.741934776306152, 99.546844482421875, 99.525856018066406
0.258064508438110, 1.806450843811035, 99.549179077148438, 99.525856018066406
0.258064508438110, 1.870966911315918, 99.551658630371094, 99.525856018066406
0.258064508438110, 1.935482978820801, 99.554061889648438, 99.525856018066406
0.258064508438110, 1.999999046325684, 99.547401428222656, 99.525856018066406
0.322580635547638, 0.000000000000000, 99.226737976074219, 99.195541381835938
0.322580635547638, 0.064516127109528, 99.234939575195312, 99.195541381835938
0.322580635547638, 0.129032254219055, 99.230354309082031, 99.195541381835938
0.322580635547638, 0.193548381328583, 99.226043701171875, 99.195541381835938
0.322580635547638, 0.258064508438110, 99.222183227539062, 99.195541381835938
0.322580635547638, 0.322580635547638, 99.218872070312500, 99.195541381835938
0.322580635547638, 0.387096762657166, 99.216125488281250, 99.195541381835938
0.322580635547638, 0.451612889766693, 99.213966369628906, 99.195541381835938
0.322580635547638, 0.516129016876221, 99.212326049804688, 99.195541381835938
0.322580635547638, 0.580645143985748, 99.211158752441406, 99.195541381835938
0.322580635547638, 0.645161271095276, 99.210342407226562, 99.195541381835938
0.322580635547638, 0.709677398204803, 99.209808349609375, 99.195541381835938
0.322580635547638, 0.774193525314331, 99.209480285644531, 99.195541381835938
0.322580635547638, 0.838709652423859, 99.209281921386719, 99.195541381835938
0.322580635547638, 0.903225779533386, 99.209175109863281, 99.195541381835938
0.322580635547638, 0.967741906642914, 99.209129333496094, 99.195541381835938
0.322580635547638, 1.032258033752441, 99.209129333496094, 99.195541381835938
0.322580635547638, 1.096774101257324, 99.209175109863281, 99.195541381835938
0.322580635547638, 1.161290168762207, 99.209281921386719, 99.195541381835938
0.322580635547638, 1.225806236267090, 99.209480285644531, 99.195541381835938
0.322580635547638, 1.290322303771973, 99.209808349609375, 99.195541381835938
0.322580635547638, 1.354838371276855, 99.210342407226562, 99.195541381835938
0.322580635547638, 1.419354438781738, 99.211158752441406, 99.195541381835938
0.322580635547638, 1.483870506286621, 99.212326049804688, 99.195541381835938
0.322580635547638, 1.548386573791504, 99.213966369628906, 99.195541381835938
0.322580635547638, 1.612902641296387, 99.216125488281250, 99.195541381835938
0.322580635547638, 1.677418708801270, 99.218872070312500, 99.195541381835938
0.322580635547638, 1.741934776306152, 99.222183227539062, 99.195541381835938
0.322580635547638, 1.806450843811035, 99.226043701171875, 99.195541381835938
0.322580635547638, 1.870966911315918, 99.230354309082031, 99.195541381835938
0.322580635547638, 1.935482978820801, 99.234939575195312, 99.195541381835938
0.322580635547638, 1.999999046325684, 99.226737976074219, 99.195541381835938
0.387096762657166, 0.000000000000000, 98.727859497070312, 98.684936523437500
0.387096762657166, 0.064516127109528, 98.737930297851562, 98.684936523437500
0.387096762657166, 0.129032254219055, 98.730613708496094, 98.684936523437500
0.387096762657166, 0.193548381328583, 98.723953247070312, 98.684936523437500
0.387096762657166, 0.258064508438110, 98.718154907226562, 98.684936523437500
0.387096762657166, 0.322580635547638, 98.713241577148438, 98.684936523437500
0.387096762657166, 0.387096762657166, 98.709243774414062, 98.684936523437500
0.387096762657166, 0.451612889766693, 98.706092834472656, 98.684936523437500
0.387096762657166, 0.516129016876221, 98.703742980957031, 98.684936523437500
0.387096762657166, 0.580645143985748, 98.702033996582031, 98.684936523437500
0.387096762657166, 0.645161271095276, 98.700874328613281, 98.684936523437500
0.387096762657166, 0.709677398204803, 98.700103759765625, 98.684936523437500
0.387096762657166, 0.774193525314331, 98.699630737304688, 98.684936523437500
0.387096762657166, 0.838709652423859, 98.699348449707031, 98.684936523437500
0.387096762657166, 0.903225779533386, 98.699188232421875, 98.684936523437500
0.387096762657166, 0.967741906642914, 98.699119567871094, 98.684936523437500
0.387096762657166, 1.032258033752441, 98.699119567871094, 98.684936523437500
0.387096762657166, 1.096774101257324, 98.699188232421875, 98.684936523437500
0.387096762657166, 1.161290168762207, 98.699348449707031, 98.684936523437500
0.387096762657166, 1.225806236267090, 98.699630737304688, 98.684936523437500
0.387096762657166, 1.290322303771973, 98.700103759765625, 98.684936523437500
0.387096762657166, 1.354838371276855, 98.700874328613281, 98.684936523437500
0.387096762657166, 1.419354438781738, 98.702033996582031, 98.684936523437500
0.387096762657166, 1.483870506286621, 98.703742980957031, 98.684936523437500
0.387096762657166, 1.548386573791504, 98.706092834472656, 98.684936523437500
0.387096762657166, 1.612902641296387, 98.709243774414062, 98.684936523437500
0.387096762657166, 1.677418708801270, 98.713241577148438, 98.684936523437500
0.387096762657166, 1.741934776306152, 98.718154907226562, 98.684936523437500
0.387096762657166, 1.806450843811035, 98.723953247070312, 98.684936523437500
0.387096762657166, 1.870966911315918, 98.730613708496094, 98.684936523437500
0.387096762657166, 1.935482978820801, 98.737930297851562, 98.684936523437500
0.387096762657166, 1.999999046325684, 98.727859497070312, 98.684936523437500
0.451612889766693, 0.000000000000000, 97.983734130859375, 97.927726745605469
0.451612889766693, 0.064516127109528, 97.995635986328125, 97.927726745605469
0.451612889766693, 0.129032254219055, 97.985023498535156, 97.927726745605469
0.451612889766693, 0.193548381328583, 97.975585937500000, 97.927726745605469
0.451612889766693, 0.258064508438110, 97.967445373535156, 97.927726745605469
0.451612889766693, 0.322580635547638, 97.960678100585938, 97.927726745605469
0.451612889766693, 0.387096762657166, 97.955162048339844, 97.927726745605469
0.451612889766693, 0.451612889766693, 97.950889587402344, 97.927726745605469
0.451612889766693, 0.516129016876221, 97.947662353515625, 97.927726745605469
0.451612889766693, 0.580645143985748, 97.945373535156250, 97.927726745605469
0.451612889766693, 0.645161271095276, 97.943778991699219, 97.927726745605469
0.451612889766693, 0.709677398204803, 97.942756652832031, 97.927726745605469
0.451612889766693, 0.774193525314331, 97.942100524902344, 97.927726745605469
0.451612889766693, 0.838709652423859, 97.941711425781250, 97.927726745605469
0.451612889766693, 0.903225779533386, 97.941505432128906, 97.927726745605469
0.451612889766693, 0.967741906642914, 97.941406250000000, 97.927726745605469
0.451612889766693, 1.032258033752441, 97.941406250000000, 97.927726745605469
0.451612889766693, 1.096774101257324, 97.941505432128906, 97.927726745605469
0.451612889766693, 1.161290168762207, 97.941711425781250, 97.927726745605469
0.451612889766693, 1.225806236267090, 97.942100524902344, 97.927726745605469
0.451612889766693, 1.290322303771973, 97.942756652832031, 97.927726745605469
0.451612889766693, 1.354838371276855, 97.943778991699219, 97.927726745605469
0.451612889766693, 1.419354438781738, 97.945373535156250, 97.927726745605469
0.451612889766693, 1.483870506286621, 97.947662353515625, 97.927726745605469
0.451612889766693, 1.548386573791504, 97.950889587402344, 97.927726745605469
0.451612889766693, 1.612902641296387, 97.955162048339844, 97.927726745605469
0.451612889766693, 1.677418708801270, 97.960678100585938, 97.927726745605469
0.451612889766693, 1.741934776306152, 97.967445373535156, 97.927726745605469
0.451612889766693, 1.806450843811035, 97.975585937500000, 97.927726745605469
0.451612889766693, 1.870966911315918, 97.985023498535156, 97.927726745605469
0.451612889766693, 1.935482978820801, 97.995635986328125, 97.927726745605469
0.451612889766693, 1.999999046325684, 97.983734130859375, 97.927726745605469
0.516129016876221, 0.000000000000000, 96.919532775878906, 96.850410461425781
0.516129016876221, 0.064516127109528, 96.932914733886719, 96.850410461425781
0.516129016876221, 0.129032254219055, 96.918739318847656, 96.850410461425781
0.516129016876221, 0.193548381328583, 96.906250000000000, 96.850410461425781
0.516129016876221, 0.258064508438110, 96.895652770996094, 96.850410461425781
0.516129016876221, 0.322580635547638, 96.886840820312500, 96.850410461425781
0.516129016876221, 0.387096762657166, 96.879791259765625, 96.850410461425781
0.516129016876221, 0.451612889766693, 96.874267578125000, 96.850410461425781
0.516129016876221, 0.516129016876221, 96.870185852050781, 96.850410461425781
0.516129016876221, 0.580645143985748, 96.867233276367188, 96.850410461425781
0.516129016876221, 0.645161271095276, 96.865234375000000, 96.850410461425781
0.516129016876221, 0.709677398204803, 96.863899230957031, 96.850410461425781
0.516129016876221, 0.774193525314331, 96.863075256347656, 96.850410461425781
0.516129016876221, 0.838709652423859, 96.862579345703125, 96.850410461425781
0.516129016876221, 0.903225779533386, 96.862312316894531, 96.850410461425781
0.516129016876221, 0.967741906642914, 96.862190246582031, 96.850410461425781
0.516129016876221, 1.032258033752441, 96.862190246582031, 96.850410461425781
0.516129016876221, 1.096774101257324, 96.862312316894531, 96.850410461425781
0.516129016876221, 1.161290168762207, 96.862579345703125, 96.850410461425781
0.516129016876221, 1.225806236267090, 96.863075256347656, 96.850410461425781
0.516129016876221, 1.290322303771973, 96.863899230957031, 96.850410461425781
0.516129016876221, 1.354838371276855, 96.865234375000000, 96.850410461425781
0.516129016876221, 1.419354438781738, 96.867233276367188, 96.850410461425781
0.516129016876221, 1.483870506286621, 96.870185852050781, 96.850410461425781
0.516129016876221, 1.548386573791504, 96.874267578125000, 96.850410461425781
0.516129016876221, 1.612902641296387, 96.879791259765625, 96.850410461425781
0.516129016876221, 1.677418708801270, 96.886840820312500, 96.850410461425781
0.516129016876221, 1.741934776306152, 96.895652770996094, 96.850410461425781
0.516129016876221, 1.806450843811035, 96.906250000000000, 96.850410461425781
0.516129016876221, 1.870966911315918, 96.918739318847656, 96.850410461425781
0.516129016876221, 1.935482978820801, 96.932914733886719, 96.850410461425781
0.516129016876221, 1.999999046325684, 96.919532775878906, 96.850410461425781
0.580645143985748, 0.000000000000000, 95.460311889648438, 95.379974365234375
0.580645143985748, 0.064516127109528, 95.474586486816406, 95.379974365234375
0.580645143985748, 0.129032254219055, 95.456970214843750, 95.379974365234375
0.580645143985748, 0.193548381328583, 95.441680908203125, 95.379974365234375
0.580645143985748, 0.258064508438110, 95.428733825683594, 95.379974365234375
0.580645143985748, 0.322580635547638, 95.418128967285156, 95.379974365234375
0.580645143985748, 0.387096762657166, 95.409576416015625, 95.379974365234375
0.580645143985748, 0.451612889766693, 95.403007507324219, 95.379974365234375
0.580645143985748, 0.516129016876221, 95.398078918457031, 95.379974365234375
0.580645143985748, 0.580645143985748, 95.394592285156250, 95.379974365234375
0.580645143985748, 0.645161271095276, 95.392166137695312, 95.379974365234375
0.580645143985748, 0.709677398204803, 95.390602111816406, 95.379974365234375
0.580645143985748, 0.774193525314331, 95.389602661132812, 95.379974365234375
0.580645143985748, 0.838709652423859, 95.389015197753906, 95.379974365234375
0.580645143985748, 0.903225779533386, 95.388687133789062, 95.379974365234375
0.580645143985748, 0.967741906642914, 95.388549804687500, 95.379974365234375
0.580645143985748, 1.032258033752441, 95.388549804687500, 95.379974365234375
0.580645143985748, 1.096774101257324, 95.388687133789062, 95.379974365234375
0.580645143985748, 1.161290168762207, 95.389015197753906, 95.379974365234375
0.580645143985748, 1.225806236267090, 95.389602661132812, 95.379974365234375
0.580645143985748, 1.290322303771973, 95.390602111816406, 95.379974365234375
0.580645143985748, 1.354838371276855, 95.392166137695312, 95.379974365234375
0.580645143985748, 1.419354438781738, 95.394592285156250, 95.379974365234375
0.580645143985748, 1.483870506286621, 95.398078918457031, 95.379974365234375
0.580645143985748, 1.548386573791504, 95.403007507324219, 95.379974365234375
0.580645143985748, 1.612902641296387, 95.409576416015625, 95.379974365234375
0.580645143985748, 1.677418708801270, 95.418128967285156, 95.379974365234375
0.580645143985748, 1.741934776306152, 95.428733825683594, 95.379974365234375
0.580645143985748, 1.806450843811035, 95.441680908203125, 95.379974365234375
0.580645143985748, 1.870966911315918, 95.456970214843750, 95.379974365234375
0.580645143985748, 1.935482978820801, 95.474586486816406, 95.379974365234375
0.580645143985748, 1.999999046325684, 95.460311889648438, 95.379974365234375
0.645161271095276, 0.000000000000000, 93.541908264160156, 93.454483032226562
0.645161271095276, 0.064516127109528, 93.556236267089844, 93.454483032226562
0.645161271095276, 0.129032254219055, 93.536087036132812, 93.454483032226562
0.645161271095276, 0.193548381328583, 93.518646240234375, 93.454483032226562
0.645161271095276, 0.258064508438110, 93.504074096679688, 93.454483032226562
0.645161271095276, 0.322580635547638, 93.492073059082031, 93.454483032226562
0.645161271095276, 0.387096762657166, 93.482566833496094, 93.454483032226562
0.645161271095276, 0.451612889766693, 93.475166320800781, 93.454483032226562
0.645161271095276, 0.516129016876221, 93.469726562500000, 93.454483032226562
0.645161271095276, 0.580645143985748, 93.465797424316406, 93.454483032226562
0.645161271095276, 0.645161271095276, 93.463142395019531, 93.454483032226562
0.645161271095276, 0.709677398204803, 93.461364746093750, 93.454483032226562
0.645161271095276, 0.774193525314331, 93.460273742675781, 93.454483032226562
0.645161271095276, 0.838709652423859, 93.459602355957031, 93.454483032226562
0.645161271095276, 0.903225779533386, 93.459243774414062, 93.454483032226562
0.645161271095276, 0.967741906642914, 93.459083557128906, 93.454483032226562
0.645161271095276, 1.032258033752441, 93.459083557128906, 93.454483032226562
0.645161271095276, 1.096774101257324, 93.459243774414062, 93.454483032226562
0.645161271095276, 1.161290168762207, 93.459602355957031, 93.454483032226562
0.645161271095276, 1.225806236267090, 93.460273742675781, 93.454483032226562
0.645161271095276, 1.290322303771973, 93.461364746093750, 93.454483032226562
0.645161271095276, 1.354838371276855, 93.463142395019531, 93.454483032226562
0.645161271095276, 1.419354438781738, 93.465797424316406, 93.454483032226562
0.645161271095276, 1.483870506286621, 93.469726562500000, 93.454483032226562
0.645161271095276, 1.548386573791504, 93.475166320800781, 93.454483032226562
0.645161271095276, 1.612902641296387, 93.482566833496094, 93.454483032226562
0.645161271095276, 1.677418708801270, 93.492073059082031, 93.454483032226562
0.645161271095276, 1.741934776306152, 93.504074096679688, 93.454483032226562
0.645161271095276, 1.806450843811035, 93.518646240234375, 93.454483032226562
0.645161271095276, 1.870966911315918, 93.536087036132812, 93.454483032226562
0.645161271095276, 1.935482978820801, 93.556236267089844, 93.454483032226562
0.645161271095276, 1.999999046325684, 93.541908264160156, 93.454483032226562
0.709677398204803, 0.000000000000000, 91.123794555664062, 91.035583496093750
0.709677398204803, 0.064516127109528, 91.137275695800781, 91.035583496093750
0.709677398204803, 0.129032254219055, 91.116050720214844, 91.035583496093750
0.709677398204803, 0.193548381328583, 91.097877502441406, 91.035583496093750
0.709677398204803, 0.258064508438110, 91.082649230957031, 91.035583496093750
0.709677398204803, 0.322580635547638, 91.070297241210938, 91.035583496093750
0.709677398204803, 0.387096762657166, 91.060394287109375, 91.035583496093750
0.709677398204803, 0.451612889766693, 91.052848815917969, 91.035583496093750
0.709677398204803, 0.516129016876221, 91.047187805175781, 91.035583496093750
0.709677398204803, 0.580645143985748, 91.043197631835938, 91.035583496093750
0.709677398204803, 0.645161271095276, 91.040428161621094, 91.035583496093750
0.709677398204803, 0.709677398204803, 91.038635253906250, 91.035583496093750
0.709677398204803, 0.774193525314331, 91.037483215332031, 91.035583496093750
0.709677398204803, 0.838709652423859, 91.036811828613281, 91.035583496093750
0.709677398204803, 0.903225779533386, 91.036437988281250, 91.035583496093750
0.709677398204803, 0.967741906642914, 91.036277770996094, 91.035583496093750
0.709677398204803, 1.032258033752441, 91.036277770996094, 91.035583496093750
0.709677398204803, 1.096774101257324, 91.036437988281250, 91.035583496093750
0.709677398204803, 1.161290168762207, 91.036811828613281, 91.035583496093750
0.709677398204803, 1.225806236267090, 91.037483215332031, 91.035583496093750
0.709677398204803, 1.290322303771973, 91.038635253906250, 91.035583496093750
0.709677398204803, 1.354838371276855, 91.040428161621094, 91.035583496093750
0.709677398204803, 1.419354438781738, 91.043197631835938, 91.035583496093750
0.709677398204803, 1.483870506286621, 91.047187805175781, 91.035583496093750
0.709677398204803, 1.548386573791504, 91.052848815917969, 91.035583496093750
0.709677398204803, 1.612902641296387, 91.060394287109375, 91.035583496093750
0.709677398204803, 1.677418708801270, 91.070297241210938, 91.035583496093750
0.709677398204803, 1.741934776306152, 91.082649230957031, 91.035583496093750
0.709677398204803, 1.806450843811035, 91.097877502441406, 91.035583496093750
0.709677398204803, 1.870966911315918, 91.116050720214844, 91.035583496093750
0.709677398204803, 1.935482978820801, 91.137275695800781, 91.035583496093750
0.709677398204803, 1.999999046325684, 91.123794555664062, 91.035583496093750
0.774193525314331, 0.000000000000000, 88.201431274414062, 88.120292663574219
0.774193525314331, 0.064516127109528, 88.213081359863281, 88.120292663574219
0.774193525314331, 0.129032254219055, 88.192977905273438, 88.120292663574219
0.774193525314331, 0.193548381328583, 88.175735473632812, 88.120292663574219
0.774193525314331, 0.258064508438110, 88.161476135253906, 88.120292663574219
0.774193525314331, 0.322580635547638, 88.149795532226562, 88.120292663574219
0.774193525314331, 0.387096762657166, 88.140609741210938, 88.120292663574219
0.774193525314331, 0.451612889766693, 88.133468627929688, 88.120292663574219
0.774193525314331, 0.516129016876221, 88.128257751464844, 88.120292663574219
0.774193525314331, 0.580645143985748, 88.124473571777344, 88.120292663574219
0.774193525314331, 0.645161271095276, 88.121932983398438, 88.120292663574219
0.774193525314331, 0.709677398204803, 88.120223999023438, 88.120292663574219
0.774193525314331, 0.774193525314331, 88.119178771972656, 88.120292663574219
0.774193525314331, 0.838709652423859, 88.118530273437500, 88.120292663574219
0.774193525314331, 0.903225779533386, 88.118186950683594, 88.120292663574219
0.774193525314331, 0.967741906642914, 88.118034362792969, 88.120292663574219
0.774193525314331, 1.032258033752441, 88.118034362792969, 88.120292663574219
0.774193525314331, 1.096774101257324, 88.118186950683594, 88.120292663574219
0.774193525314331, 1.161290168762207, 88.118530273437500, 88.120292663574219
0.774193525314331, 1.225806236267090, 88.119178771972656, 88.120292663574219
0.774193525314331, 1.290322303771973, 88.120223999023438, 88.120292663574219
0.774193525314331, 1.354838371276855, 88.121932983398438, 88.120292663574219
0.774193525314331, 1.419354438781738, 88.124473571777344, 88.120292663574219
0.774193525314331, 1.483870506286621, 88.128257751464844, 88.120292663574219
0.774193525314331, 1.548386573791504, 88.133468627929688, 88.120292663574219
0.774193525314331, 1.612902641296387, 88.140609741210938, 88.120292663574219
0.774193525314331, 1.677418708801270, 88.149795532226562, 88.120292663574219
0.774193525314331, 1.741934776306152, 88.161476135253906, 88.120292663574219
0.774193525314331, 1.806450843811035, 88.175735473632812, 88.120292663574219
0.774193525314331, 1.870966911315918, 88.192977905273438, 88.120292663574219
0.774193525314331, 1.935482978820801, 88.213081359863281, 88.120292663574219
0.774193525314331, 1.999999046325684, 88.201431274414062, 88.120292663574219
0.838709652423859, 0.000000000000000, 84.815223693847656, 84.749496459960938
0.838709652423859, 0.064516127109528, 84.824234008789062, 84.749496459960938
0.838709652423859, 0.129032254219055, 84.807533264160156, 84.749496459960938
0.838709652423859, 0.193548381328583, 84.793357849121094, 84.749496459960938
0.838709652423859, 0.258064508438110, 84.781517028808594, 84.749496459960938
0.838709652423859, 0.322580635547638, 84.772003173828125, 84.749496459960938
0.838709652423859, 0.387096762657166, 84.764366149902344, 84.749496459960938
0.838709652423859, 0.451612889766693, 84.758605957031250, 84.749496459960938
0.838709652423859, 0.516129016876221, 84.754249572753906, 84.749496459960938
0.838709652423859, 0.580645143985748, 84.751220703125000, 84.749496459960938
0.838709652423859, 0.645161271095276, 84.749092102050781, 84.749496459960938
0.838709652423859, 0.709677398204803, 84.747734069824219, 84.749496459960938
0.838709652423859, 0.774193525314331, 84.746841430664062, 84.749496459960938
0.838709652423859, 0.838709652423859, 84.746337890625000, 84.749496459960938
0.838709652423859, 0.903225779533386, 84.746040344238281, 84.749496459960938
0.838709652423859, 0.967741906642914, 84.745918273925781, 84.749496459960938
0.838709652423859, 1.032258033752441, 84.745918273925781, 84.749496459960938
0.838709652423859, 1.096774101257324, 84.746040344238281, 84.749496459960938
0.838709652423859, 1.161290168762207, 84.746337890625000, 84.749496459960938
0.838709652423859, 1.225806236267090, 84.746841430664062, 84.749496459960938
0.838709652423859, 1.290322303771973, 84.747734069824219, 84.749496459960938
0.838709652423859, 1.354838371276855, 84.749092102050781, 84.749496459960938
0.838709652423859, 1.419354438781738, 84.751220703125000, 84.749496459960938
0.838709652423859, 1.483870506286621, 84.754249572753906, 84.749496459960938
0.838709652423859, 1.548386573791504, 84.758605957031250, 84.749496459960938
0.838709652423859, 1.612902641296387, 84.764366149902344, 84.749496459960938
0.838709652423859, 1.677418708801270, 84.772003173828125, 84.749496459960938
0.838709652423859, 1.741934776306152, 84.781517028808594, 84.749496459960938
0.838709652423859, 1.806450843811035, 84.793357849121094, 84.749496459960938
0.838709652423859, 1.870966911315918, 84.807533264160156, 84.749496459960938
0.838709652423859, 1.935482978820801, 84.824234008789062, 84.749496459960938
0.838709652423859, 1.999999046325684, 84.815223693847656, 84.749496459960938
0.903225779533386, 0.000000000000000, 81.053283691406250, 81.010398864746094
0.903225779533386, 0.064516127109528, 81.058952331542969, 81.010398864746094
0.903225779533386, 0.129032254219055, 81.047935485839844, 81.010398864746094
0.903225779533386, 0.193548381328583, 81.038497924804688, 81.010398864746094
0.903225779533386, 0.258064508438110, 81.030769348144531, 81.010398864746094
0.903225779533386, 0.322580635547638, 81.024406433105469, 81.010398864746094
0.903225779533386, 0.387096762657166, 81.019477844238281, 81.010398864746094
0.903225779533386, 0.451612889766693, 81.015594482421875, 81.010398864746094
0.903225779533386, 0.516129016876221, 81.012817382812500, 81.010398864746094
0.903225779533386, 0.580645143985748, 81.010757446289062, 81.010398864746094
0.903225779533386, 0.645161271095276, 81.009407043457031, 81.010398864746094
0.903225779533386, 0.709677398204803, 81.008476257324219, 81.010398864746094
0.903225779533386, 0.774193525314331, 81.007919311523438, 81.010398864746094
0.903225779533386, 0.838709652423859, 81.007568359375000, 81.010398864746094
0.903225779533386, 0.903225779533386, 81.007385253906250, 81.010398864746094
0.903225779533386, 0.967741906642914, 81.007301330566406, 81.010398864746094
0.903225779533386, 1.032258033752441, 81.007301330566406, 81.010398864746094
0.903225779533386, 1.096774101257324, 81.007385253906250, 81.010398864746094
0.903225779533386, 1.161290168762207, 81.007568359375000, 81.010398864746094
0.903225779533386, 1.225806236267090, 81.007919311523438, 81.010398864746094
0.903225779533386, 1.290322303771973, 81.008476257324219, 81.010398864746094
0.903225779533386, 1.354838371276855, 81.009407043457031, 81.010398864746094
0.903225779533386, 1.419354438781738, 81.010757446289062, 81.010398864746094
0.903225779533386, 1.483870506286621, 81.012817382812500, 81.010398864746094
0.903225779533386, 1.548386573791504, 81.015594482421875, 81.010398864746094
0.903225779533386, 1.612902641296387, 81.019477844238281, 81.010398864746094
0.903225779533386, 1.677418708801270, 81.024406433105469, 81.010398864746094
0.903225779533386, 1.741934776306152, 81.030769348144531, 81.010398864746094
0.903225779533386, 1.806450843811035, 81.038497924804688, 81.010398864746094
0.903225779533386, 1.870966911315918, 81.047935485839844, 81.010398864746094
0.903225779533386, 1.935482978820801, 81.058952331542969, 81.010398864746094
0.903225779533386, 1.999999046325684, 81.053283691406250, 81.010398864746094
0.967741906642914, 0.000000000000000, 77.046173095703125, 77.031265258789062
0.967741906642914, 0.064516127109528, 77.048126220703125, 77.031265258789062
0.967741906642914, 0.129032254219055, 77.044227600097656, 77.031265258789062
0.967741906642914, 0.193548381328583, 77.040985107421875, 77.031265258789062
0.967741906642914, 0.258064508438110, 77.038208007812500, 77.031265258789062
0.967741906642914, 0.322580635547638, 77.036064147949219, 77.031265258789062
0.967741906642914, 0.387096762657166, 77.034263610839844, 77.031265258789062
0.967741906642914, 0.451612889766693, 77.032989501953125, 77.031265258789062
0.967741906642914, 0.516129016876221, 77.031944274902344, 77.031265258789062
0.967741906642914, 0.580645143985748, 77.031288146972656, 77.031265258789062
0.967741906642914, 0.645161271095276, 77.030769348144531, 77.031265258789062
0.967741906642914, 0.709677398204803, 77.030479431152344, 77.031265258789062
0.967741906642914, 0.774193525314331, 77.030258178710938, 77.031265258789062
0.967741906642914, 0.838709652423859, 77.030151367187500, 77.031265258789062
0.967741906642914, 0.903225779533386, 77.030082702636719, 77.031265258789062
0.967741906642914, 0.967741906642914, 77.030052185058594, 77.031265258789062
0.967741906642914, 1.032258033752441, 77.030052185058594, 77.031265258789062
0.967741906642914, 1.096774101257324, 77.030082702636719, 77.031265258789062
0.967741906642914, 1.161290168762207, 77.030151367187500, 77.031265258789062
0.967741906642914, 1.225806236267090, 77.030258178710938, 77.031265258789062
0.967741906642914, 1.290322303771973, 77.030479431152344, 77.031265258789062
0.967741906642914, 1.354838371276855, 77.030769348144531, 77.031265258789062
0.967741906642914, 1.419354438781738, 77.031288146972656, 77.031265258789062
0.967741906642914, 1.483870506286621, 77.031944274902344, 77.031265258789062
0.967741906642914, 1.548386573791504, 77.032989501953125, 77.031265258789062
0.967741906642914, 1.612902641296387, 77.034263610839844, 77.031265258789062
0.967741906642914, 1.677418708801270, 77.036064147949219, 77.031265258789062
0.967741906642914, 1.741934776306152, 77.038208007812500, 77.031265258789062
0.967741906642914, 1.806450843811035, 77.040985107421875, 77.031265258789062
0.967741906642914, 1.870966911315918, 77.044227600097656, 77.031265258789062
0.967741906642914, 1.935482978820801, 77.048126220703125, 77.031265258789062
0.967741906642914, 1.999999046325684, 77.046173095703125, 77.031265258789062
1.032258033752441, 0.000000000000000, 72.953834533691406, 72.968742370605469
1.032258033752441, 0.064516127109528, 72.951881408691406, 72.968742370605469
1.032258033752441, 0.129032254219055, 72.955780029296875, 72.968742370605469
1.032258033752441, 0.193548381328583, 72.959022521972656, 72.968742370605469
1.032258033752441, 0.258064508438110, 72.961799621582031, 72.968742370605469
1.032258033752441, 0.322580635547638, 72.963935852050781, 72.968742370605469
1.032258033752441, 0.387096762657166, 72.965736389160156, 72.968742370605469
1.032258033752441, 0.451612889766693, 72.967010498046875, 72.968742370605469
1.032258033752441, 0.516129016876221, 72.968055725097656, 72.968742370605469
1.032258033752441, 0.580645143985748, 72.968711853027344, 72.968742370605469
1.032258033752441, 0.645161271095276, 72.969230651855469, 72.968742370605469
1.032258033752441, 0.709677398204803, 72.969520568847656, 72.968742370605469
1.032258033752441, 0.774193525314331, 72.969741821289062, 72.968742370605469
1.032258033752441, 0.838709652423859, 72.969848632812500, 72.968742370605469
1.032258033752441, 0.903225779533386, 72.969917297363281, 72.968742370605469
1.032258033752441, 0.967741906642914, 72.969947814941406, 72.968742370605469
1.032258033752441, 1.032258033752441, 72.969947814941406, 72.968742370605469
1.032258033752441, 1.096774101257324, 72.969917297363281, 72.968742370605469
1.032258033752441, 1.161290168762207, 72.969848632812500, 72.968742370605469
1.032258033752441, 1.225806236267090, 72.969741821289062, 72.968742370605469
1.032258033752441, 1.290322303771973, 72.969520568847656, 72.968742370605469
1.032258033752441, 1.354838371276855, 72.969230651855469, 72.968742370605469
1.032258033752441, 1.419354438781738, 72.968711853027344, 72.968742370605469
1.032258033752441, 1.483870506286621, 72.968055725097656, 72.968742370605469
1.032258033752441, 1.548386573791504, 72.967010498046875, 72.968742370605469
1.032258033752441, 1.612902641296387, 72.965736389160156, 72.968742370605469
1.032258033752441, 1.677418708801270, 72.963935852050781, 72.968742370605469
1.032258033752441, 1.741934776306152, 72.961799621582031, 72.968742370605469
1.032258033752441, 1.806450843811035, 72.959022521972656, 72.968742370605469
1.032258033752441, 1.870966911315918, 72.955780029296875, 72.968742370605469
1.032258033752441, 1.935482978820801, 72.951881408691406, 72.968742370605469
1.032258033752441, 1.999999046325684, 72.953834533691406, 72.968742370605469
1.096774101257324, 0.000000000000000, 68.946723937988281, 68.989608764648438
1.096774101257324, 0.064516127109528, 68.941055297851562, 68.989608764648438
1.096774101257324, 0.129032254219055, 68.952072143554688, 68.989608764648438
1.096774101257324, 0.193548381328583, 68.961509704589844, 68.989608764648438
1.096774101257324, 0.258064508438110, 68.969230651855469, 68.989608764648438
1.096774101257324, 0.322580635547638, 68.975593566894531, 68.989608764648438
1.096774101257324, 0.387096762657166, 68.980522155761719, 68.989608764648438
1.096774101257324, 0.451612889766693, 68.984405517578125, 68.989608764648438
1.096774101257324, 0.516129016876221, 68.987182617187500, 68.989608764648438
1.096774101257324, 0.580645143985748, 68.989242553710938, 68.989608764648438
1.096774101257324, 0.645161271095276, 68.990592956542969, 68.989608764648438
1.096774101257324, 0.709677398204803, 68.991523742675781, 68.989608764648438
1.096774101257324, 0.774193525314331, 68.992080688476562, 68.989608764648438
1.096774101257324, 0.838709652423859, 68.992431640625000, 68.989608764648438
1.096774101257324, 0.903225779533386, 68.992614746093750, 68.989608764648438
1.096774101257324, 0.967741906642914, 68.992698669433594, 68.989608764648438
1.096774101257324, 1.032258033752441, 68.992698669433594, 68.989608764648438
1.096774101257324, 1.096774101257324, 68.992614746093750, 68.989608764648438
1.096774101257324, 1.161290168762207, 68.992431640625000, 68.989608764648438
1.096774101257324, 1.225806236267090, 68.992080688476562, 68.989608764648438
1.096774101257324, 1.290322303771973, 68.991523742675781, 68.989608764648438
1.096774101257324, 1.354838371276855, 68.990592956542969, 68.989608764648438
1.096774101257324, 1.419354438781738, 68.989242553710938, 68.989608764648438
1.096774101257324, 1.483870506286621, 68.987182617187500, 68.989608764648438
1.096774101257324, 1.548386573791504, 68.984405517578125, 68.989608764648438
1.096774101257324, 1.612902641296387, 68.980522155761719, 68.989608764648438
1.096774101257324, 1.677418708801270, 68.975593566894531, 68.989608764648438
1.096774101257324, 1.741934776306152, 68.969230651855469, 68.989608764648438
1.096774101257324, 1.806450843811035, 68.961509704589844, 68.989608764648438
1.096774101257324, 1.870966911315918, 68.952072143554688, 68.989608764648438
1.096774101257324, 1.935482978820801, 68.941055297851562, 68.989608764648438
1.096774101257324, 1.999999046325684, 68.946723937988281, 68.989608764648438
1.161290168762207, 0.000000000000000, 65.184783935546875, 65.250511169433594
1.161290168762207, 0.064516127109528, 65.175773620605469, 65.250511169433594
1.161290168762207, 0.129032254219055, 65.192481994628906, 65.250511169433594
1.161290168762207, 0.193548381328583, 65.206649780273438, 65.250511169433594
1.161290168762207, 0.258064508438110, 65.218490600585938, 65.250511169433594
1.161290168762207, 0.322580635547638, 65.227996826171875, 65.250511169433594
1.161290168762207, 0.387096762657166, 65.235633850097656, 65.250511169433594
1.161290168762207, 0.451612889766693, 65.241394042968750, 65.250511169433594
1.161290168762207, 0.516129016876221, 65.245750427246094, 65.250511169433594
1.161290168762207, 0.580645143985748, 65.248779296875000, 65.250511169433594
1.161290168762207, 0.645161271095276, 65.250907897949219, 65.250511169433594
1.161290168762207, 0.709677398204803, 65.252265930175781, 65.250511169433594
1.161290168762207, 0.774193525314331, 65.253158569335938, 65.250511169433594
1.161290168762207, 0.838709652423859, 65.253662109375000, 65.250511169433594
1.161290168762207, 0.903225779533386, 65.253959655761719, 65.250511169433594
1.161290168762207, 0.967741906642914, 65.254081726074219, 65.250511169433594
1.161290168762207, 1.032258033752441, 65.254081726074219, 65.250511169433594
1.161290168762207, 1.096774101257324, 65.253959655761719, 65.250511169433594
1.161290168762207, 1.161290168762207, 65.253662109375000, 65.250511169433594
1.161290168762207, 1.225806236267090, 65.253158569335938, 65.250511169433594
1.161290168762207, 1.290322303771973, 65.252265930175781, 65.250511169433594
1.161290168762207, 1.354838371276855, 65.250907897949219, 65.250511169433594
1.161290168762207, 1.419354438781738, 65.248779296875000, 65.250511169433594
1.161290168762207, 1.483870506286621, 65.245750427246094, 65.250511169433594
1.161290168762207, 1.548386573791504, 65.241394042968750, 65.250511169433594
1.161290168762207, 1.612902641296387, 65.235633850097656, 65.250511169433594
1.161290168762207, 1.677418708801270, 65.227996826171875, 65.250511169433594
1.161290168762207, 1.741934776306152, 65.218490600585938, 65.250511169433594
1.161290168762207, 1.806450843811035, 65.206649780273438, 65.250511169433594
1.161290168762207, 1.870966911315918, 65.192481994628906, 65.250511169433594
1.161290168762207, 1.935482978820801, 65.175773620605469, 65.250511169433594
1.161290168762207, 1.999999046325684, 65.184783935546875, 65.250511169433594
1.225806236267090, 0.000000000000000, 61.798580169677734, 61.879722595214844
1.225806236267090, 0.064516127109528, 61.786930084228516, 61.879722595214844
1.225806236267090, 0.129032254219055, 61.807029724121094, 61.879722595214844
1.225806236267090, 0.193548381328583, 61.824268341064453, 61.879722595214844
1.225806236267090, 0.258064508438110, 61.838527679443359, 61.879722595214844
1.225806236267090, 0.322580635547638, 61.850212097167969, 61.879722595214844
1.225806236267090, 0.387096762657166, 61.859386444091797, 61.879722595214844
1.225806236267090, 0.451612889766693, 61.866531372070312, 61.879722595214844
1.225806236267090, 0.516129016876221, 61.871746063232422, 61.879722595214844
1.225806236267090, 0.580645143985748, 61.875530242919922, 61.879722595214844
1.225806236267090, 0.645161271095276, 61.878067016601562, 61.879722595214844
1.225806236267090, 0.709677398204803, 61.879779815673828, 61.879722595214844
1.225806236267090, 0.774193525314331, 61.880825042724609, 61.879722595214844
1.225806236267090, 0.838709652423859, 61.881469726562500, 61.879722595214844
1.225806236267090, 0.903225779533386, 61.881816864013672, 61.879722595214844
1.225806236267090, 0.967741906642914, 61.881969451904297, 61.879722595214844
1.225806236267090, 1.032258033752441, 61.881969451904297, 61.879722595214844
1.225806236267090, 1.096774101257324, 61.881816864013672, 61.879722595214844
1.225806236267090, 1.161290168762207, 61.881469726562500, 61.879722595214844
1.225806236267090, 1.225806236267090, 61.880825042724609, 61.879722595214844
1.225806236267090, 1.290322303771973, 61.879779815673828, 61.879722595214844
1.225806236267090, 1.354838371276855, 61.878067016601562, 61.879722595214844
1.225806236267090, 1.419354438781738, 61.875530242919922, 61.879722595214844
1.225806236267090, 1.483870506286621, 61.871746063232422, 61.879722595214844
1.225806236267090, 1.548386573791504, 61.866531372070312, 61.879722595214844
1.225806236267090, 1.612902641296387, 61.859386444091797, 61.879722595214844
1.225806236267090, 1.677418708801270, 61.850212097167969, 61.879722595214844
1.225806236267090, 1.741934776306152, 61.838527679443359, 61.879722595214844
1.225806236267090, 1.806450843811035, 61.824268341064453, 61.879722595214844
1.225806236267090, 1.870966911315918, 61.807029724121094, 61.879722595214844
1.225806236267090, 1.935482978820801, 61.786930084228516, 61.879722595214844
1.225806236267090, 1.999999046325684, 61.798580169677734, 61.879722595214844
1.290322303771973, 0.000000000000000, 58.876213073730469, 58.964427947998047
1.290322303771973, 0.064516127109528, 58.862735748291016, 58.964427947998047
1.290322303771973, 0.129032254219055, 58.883956909179688, 58.964427947998047
1.290322303771973, 0.193548381328583, 58.902130126953125, 58.964427947998047
1.290322303771973, 0.258064508438110, 58.917358398437500, 58.964427947998047
1.290322303771973, 0.322580635547638, 58.929706573486328, 58.964427947998047
1.290322303771973, 0.387096762657166, 58.939601898193359, 58.964427947998047
1.290322303771973, 0.451612889766693, 58.947147369384766, 58.964427947998047
1.290322303771973, 0.516129016876221, 58.952819824218750, 58.964427947998047
1.290322303771973, 0.580645143985748, 58.956802368164062, 58.964427947998047
1.290322303771973, 0.645161271095276, 58.959575653076172, 58.964427947998047
1.290322303771973, 0.709677398204803, 58.961364746093750, 58.964427947998047
1.290322303771973, 0.774193525314331, 58.962516784667969, 58.964427947998047
1.290322303771973, 0.838709652423859, 58.963188171386719, 58.964427947998047
1.290322303771973, 0.903225779533386, 58.963569641113281, 58.964427947998047
1.290322303771973, 0.967741906642914, 58.963729858398438, 58.964427947998047
1.290322303771973, 1.032258033752441, 58.963729858398438, 58.964427947998047
1.290322303771973, 1.096774101257324, 58.963569641113281, 58.964427947998047
1.290322303771973, 1.161290168762207, 58.963188171386719, 58.964427947998047
1.290322303771973, 1.225806236267090, 58.962516784667969, 58.964427947998047
1.290322303771973, 1.290322303771973, 58.961364746093750, 58.964427947998047
1.290322303771973, 1.354838371276855, 58.959575653076172, 58.964427947998047
1.290322303771973, 1.419354438781738, 58.956802368164062, 58.964427947998047
1.290322303771973, 1.483870506286621, 58.952819824218750, 58.964427947998047
1.290322303771973, 1.548386573791504, 58.947147369384766, 58.964427947998047
1.290322303771973, 1.612902641296387, 58.939601898193359, 58.964427947998047
1.290322303771973, 1.677418708801270, 58.929706573486328, 58.964427947998047
1.290322303771973, 1.741934776306152, 58.917358398437500, 58.964427947998047
1.290322303771973, 1.806450843811035, 58.902130126953125, 58.964427947998047
1.290322303771973, 1.870966911315918, 58.883956909179688, 58.964427947998047
1.290322303771973, 1.935482978820801, 58.862735748291016, 58.964427947998047
1.290322303771973, 1.999999046325684, 58.876213073730469, 58.964427947998047
1.354838371276855, 0.000000000000000, 56.458099365234375, 56.545524597167969
1.354838371276855, 0.064516127109528, 56.443767547607422, 56.545524597167969
1.354838371276855, 0.129032254219055, 56.463916778564453, 56.545524597167969
1.354838371276855, 0.193548381328583, 56.481361389160156, 56.545524597167969
1.354838371276855, 0.258064508438110, 56.495933532714844, 56.545524597167969
1.354838371276855, 0.322580635547638, 56.507930755615234, 56.545524597167969
1.354838371276855, 0.387096762657166, 56.517433166503906, 56.545524597167969
1.354838371276855, 0.451612889766693, 56.524833679199219, 56.545524597167969
1.354838371276855, 0.516129016876221, 56.530273437500000, 56.545524597167969
1.354838371276855, 0.580645143985748, 56.534206390380859, 56.545524597167969
1.354838371276855, 0.645161271095276, 56.536861419677734, 56.545524597167969
1.354838371276855, 0.709677398204803, 56.538635253906250, 56.545524597167969
1.354838371276855, 0.774193525314331, 56.539730072021484, 56.545524597167969
1.354838371276855, 0.838709652423859, 56.540397644042969, 56.545524597167969
1.354838371276855, 0.903225779533386, 56.540756225585938, 56.545524597167969
1.354838371276855, 0.967741906642914, 56.540916442871094, 56.545524597167969
1.354838371276855, 1.032258033752441, 56.540916442871094, 56.545524597167969
1.354838371276855, 1.096774101257324, 56.540756225585938, 56.545524597167969
1.354838371276855, 1.161290168762207, 56.540397644042969, 56.545524597167969
1.354838371276855, 1.225806236267090, 56.539730072021484, 56.545524597167969
1.354838371276855, 1.290322303771973, 56.538635253906250, 56.545524597167969
1.354838371276855, 1.354838371276855, 56.536861419677734, 56.545524597167969
1.354838371276855, 1.419354438781738, 56.534206390380859, 56.545524597167969
1.354838371276855, 1.483870506286621, 56.530273437500000, 56.545524597167969
1.354838371276855, 1.548386573791504, 56.524833679199219, 56.545524597167969
1.354838371276855, 1.612902641296387, 56.517433166503906, 56.545524597167969
1.354838371276855, 1.677418708801270, 56.507930755615234, 56.545524597167969
1.354838371276855, 1.741934776306152, 56.495933532714844, 56.545524597167969
1.354838371276855, 1.806450843811035, 56.481361389160156, 56.545524597167969
1.354838371276855, 1.870966911315918, 56.463916778564453, 56.545524597167969
1.354838371276855, 1.935482978820801, 56.443767547607422, 56.545524597167969
1.354838371276855, 1.999999046325684, 56.458099365234375, 56.545524597167969
1.419354438781738, 0.000000000000000, 54.539699554443359, 54.620037078857422
1.419354438781738, 0.064516127109528, 54.525421142578125, 54.620037078857422
1.419354438781738, 0.129032254219055, 54.543029785156250, 54.620037078857422
1.419354438781738, 0.193548381328583, 54.558322906494141, 54.620037078857422
1.419354438781738, 0.258064508438110, 54.571269989013672, 54.620037078857422
1.419354438781738, 0.322580635547638, 54.581878662109375, 54.620037078857422
1.419354438781738, 0.387096762657166, 54.590423583984375, 54.620037078857422
1.419354438781738, 0.451612889766693, 54.596992492675781, 54.620037078857422
1.419354438781738, 0.516129016876221, 54.601928710937500, 54.620037078857422
1.419354438781738, 0.580645143985748, 54.605411529541016, 54.620037078857422
1.419354438781738, 0.645161271095276, 54.607833862304688, 54.620037078857422
1.419354438781738, 0.709677398204803, 54.609397888183594, 54.620037078857422
1.419354438781738, 0.774193525314331, 54.610401153564453, 54.620037078857422
1.419354438781738, 0.838709652423859, 54.610988616943359, 54.620037078857422
1.419354438781738, 0.903225779533386, 54.611316680908203, 54.620037078857422
1.419354438781738, 0.967741906642914, 54.611454010009766, 54.620037078857422
1.419354438781738, 1.032258033752441, 54.611454010009766, 54.620037078857422
1.419354438781738, 1.096774101257324, 54.611316680908203, 54.620037078857422
1.419354438781738, 1.161290168762207, 54.610988616943359, 54.620037078857422
1.419354438781738, 1.225806236267090, 54.610401153564453, 54.620037078857422
1.419354438781738, 1.290322303771973, 54.609397888183594, 54.620037078857422
1.419354438781738, 1.354838371276855, 54.607833862304688, 54.620037078857422
1.419354438781738, 1.419354438781738, 54.605411529541016, 54.620037078857422
1.419354438781738, 1.483870506286621, 54.601928710937500, 54.620037078857422
1.419354438781738, 1.548386573791504, 54.596992492675781, 54.620037078857422
1.419354438781738, 1.612902641296387, 54.590423583984375, 54.620037078857422
1.419354438781738, 1.677418708801270, 54.581878662109375, 54.620037078857422
1.419354438781738, 1.741934776306152, 54.571269989013672, 54.620037078857422
1.419354438781738, 1.806450843811035, 54.558322906494141, 54.620037078857422
1.419354438781738, 1.870966911315918, 54.543029785156250, 54.620037078857422
1.419354438781738, 1.935482978820801, 54.525421142578125, 54.620037078857422
1.419354438781738, 1.999999046325684, 54.539699554443359, 54.620037078857422
1.483870506286621, 0.000000000000000, 53.080474853515625, 53.149597167968750
1.483870506286621, 0.064516127109528, 53.067085266113281, 53.149597167968750
1.483870506286621, 0.129032254219055, 53.081264495849609, 53.149597167968750
1.483870506286621, 0.193548381328583, 53.093757629394531, 53.149597167968750
1.483870506286621, 0.258064508438110, 53.104347229003906, 53.149597167968750
1.483870506286621, 0.322580635547638, 53.113159179687500, 53.149597167968750
1.483870506286621, 0.387096762657166, 53.120212554931641, 53.149597167968750
1.483870506286621, 0.451612889766693, 53.125736236572266, 53.149597167968750
1.483870506286621, 0.516129016876221, 53.129817962646484, 53.149597167968750
1.483870506286621, 0.580645143985748, 53.132770538330078, 53.149597167968750
1.483870506286621, 0.645161271095276, 53.134769439697266, 53.149597167968750
1.483870506286621, 0.709677398204803, 53.136100769042969, 53.149597167968750
1.483870506286621, 0.774193525314331, 53.136920928955078, 53.149597167968750
1.483870506286621, 0.838709652423859, 53.137420654296875, 53.149597167968750
1.483870506286621, 0.903225779533386, 53.137691497802734, 53.149597167968750
1.483870506286621, 0.967741906642914, 53.137809753417969, 53.149597167968750
1.483870506286621, 1.032258033752441, 53.137809753417969, 53.149597167968750
1.483870506286621, 1.096774101257324, 53.137691497802734, 53.149597167968750
1.483870506286621, 1.161290168762207, 53.137420654296875, 53.149597167968750
1.483870506286621, 1.225806236267090, 53.136920928955078, 53.149597167968750
1.483870506286621, 1.290322303771973, 53.136100769042969, 53.149597167968750
1.483870506286621, 1.354838371276855, 53.134769439697266, 53.149597167968750
1.483870506286621, 1.419354438781738, 53.132770538330078, 53.149597167968750
1.483870506286621, 1.483870506286621, 53.129817962646484, 53.149597167968750
1.483870506286621, 1.548386573791504, 53.125736236572266, 53.149597167968750
1.483870506286621, 1.612902641296387, 53.120212554931641, 53.149597167968750
1.483870506286621, 1.677418708801270, 53.113159179687500, 53.149597167968750
1.483870506286621, 1.741934776306152, 53.104347229003906, 53.149597167968750
1.483870506286621, 1.806450843811035, 53.093757629394531, 53.149597167968750
1.483870506286621, 1.870966911315918, 53.081264495849609, 53.149597167968750
1.483870506286621, 1.935482978820801, 53.067085266113281, 53.149597167968750
1.483870506286621, 1.999999046325684, 53.080474853515625, 53.149597167968750
1.548386573791504, 0.000000000000000, 52.016269683837891, 52.072284698486328
1.548386573791504, 0.064516127109528, 52.004364013671875, 52.072284698486328
1.548386573791504, 0.129032254219055, 52.014976501464844, 52.072284698486328
1.548386573791504, 0.193548381328583, 52.024417877197266, 52.072284698486328
1.548386573791504, 0.258064508438110, 52.032554626464844, 52.072284698486328
1.548386573791504, 0.322580635547638, 52.039321899414062, 52.072284698486328
1.548386573791504, 0.387096762657166, 52.044837951660156, 52.072284698486328
1.548386573791504, 0.451612889766693, 52.049114227294922, 52.072284698486328
1.548386573791504, 0.516129016876221, 52.052341461181641, 52.072284698486328
1.548386573791504, 0.580645143985748, 52.054630279541016, 52.072284698486328
1.548386573791504, 0.645161271095276, 52.056217193603516, 52.072284698486328
1.548386573791504, 0.709677398204803, 52.057247161865234, 52.072284698486328
1.548386573791504, 0.774193525314331, 52.057903289794922, 52.072284698486328
1.548386573791504, 0.838709652423859, 52.058284759521484, 52.072284698486328
1.548386573791504, 0.903225779533386, 52.058498382568359, 52.072284698486328
1.548386573791504, 0.967741906642914, 52.058589935302734, 52.072284698486328
1.548386573791504, 1.032258033752441, 52.058589935302734, 52.072284698486328
1.548386573791504, 1.096774101257324, 52.058498382568359, 52.072284698486328
1.548386573791504, 1.161290168762207, 52.058284759521484, 52.072284698486328
1.548386573791504, 1.225806236267090, 52.057903289794922, 52.072284698486328
1.548386573791504, 1.290322303771973, 52.057247161865234, 52.072284698486328
1.548386573791504, 1.354838371276855, 52.056217193603516, 52.072284698486328
1.548386573791504, 1.419354438781738, 52.054630279541016, 52.072284698486328
1.548386573791504, 1.483870506286621, 52.052341461181641, 52.072284698486328
1.548386573791504, 1.548386573791504, 52.049114227294922, 52.072284698486328
1.548386573791504, 1.612902641296387, 52.044837951660156, 52.072284698486328
1.548386573791504, 1.677418708801270, 52.039321899414062, 52.072284698486328
1.548386573791504, 1.741934776306152, 52.032554626464844, 52.072284698486328
1.548386573791504, 1.806450843811035, 52.024417877197266, 52.072284698486328
1.548386573791504, 1.870966911315918, 52.014976501464844, 52.072284698486328
1.548386573791504, 1.935482978820801, 52.004364013671875, 52.072284698486328
1.548386573791504, 1.999999046325684, 52.016269683837891, 52.072284698486328
1.612902641296387, 0.000000000000000, 51.272144317626953, 51.315067291259766
1.612902641296387, 0.064516127109528, 51.262073516845703, 51.315067291259766
1.612902641296387, 0.129032254219055, 51.269386291503906, 51.315067291259766
1.612902641296387, 0.193548381328583, 51.276050567626953, 51.315067291259766
1.612902641296387, 0.258064508438110, 51.281845092773438, 51.315067291259766
1.612902641296387, 0.322580635547638, 51.286758422851562, 51.315067291259766
1.612902641296387, 0.387096762657166, 51.290752410888672, 51.315067291259766
1.612902641296387, 0.451612889766693, 51.293910980224609, 51.315067291259766
1.612902641296387, 0.516129016876221, 51.296260833740234, 51.315067291259766
1.612902641296387, 0.580645143985748, 51.297966003417969, 51.315067291259766
1.612902641296387, 0.645161271095276, 51.299125671386719, 51.315067291259766
1.612902641296387, 0.709677398204803, 51.299896240234375, 51.315067291259766
1.612902641296387, 0.774193525314331, 51.300369262695312, 51.315067291259766
1.612902641296387, 0.838709652423859, 51.300659179687500, 51.315067291259766
1.612902641296387, 0.903225779533386, 51.300811767578125, 51.315067291259766
1.612902641296387, 0.967741906642914, 51.300880432128906, 51.315067291259766
1.612902641296387, 1.032258033752441, 51.300880432128906, 51.315067291259766
1.612902641296387, 1.096774101257324, 51.300811767578125, 51.315067291259766
1.612902641296387, 1.161290168762207, 51.300659179687500, 51.315067291259766
1.612902641296387, 1.225806236267090, 51.300369262695312, 51.315067291259766
1.612902641296387, 1.290322303771973, 51.299896240234375, 51.315067291259766
1.612902641296387, 1.354838371276855, 51.299125671386719, 51.315067291259766
1.612902641296387, 1.419354438781738, 51.297966003417969, 51.315067291259766
1.612902641296387, 1.483870506286621, 51.296260833740234, 51.315067291259766
1.612902641296387, 1.548386573791504, 51.293910980224609, 51.315067291259766
1.612902641296387, 1.612902641296387, 51.290752410888672, 51.315067291259766
1.612902641296387, 1.677418708801270, 51.286758422851562, 51.315067291259766
1.612902641296387, 1.741934776306152, 51.281845092773438, 51.315067291259766
1.612902641296387, 1.806450843811035, 51.276050567626953, 51.315067291259766
1.612902641296387, 1.870966911315918, 51.269386291503906, 51.315067291259766
1.612902641296387, 1.935482978820801, 51.262073516845703, 51.315067291259766
1.612902641296387, 1.999999046325684, 51.272144317626953, 51.315067291259766
1.677418708801270, 0.000000000000000, 50.773269653320312, 50.804462432861328
1.677418708801270, 0.064516127109528, 50.765060424804688, 50.804462432861328
1.677418708801270, 0.129032254219055, 50.769653320312500, 50.804462432861328
1.677418708801270, 0.193548381328583, 50.773960113525391, 50.804462432861328
1.677418708801270, 0.258064508438110, 50.777820587158203, 50.804462432861328
1.677418708801270, 0.322580635547638, 50.781124114990234, 50.804462432861328
1.677418708801270, 0.387096762657166, 50.783870697021484, 50.804462432861328
1.677418708801270, 0.451612889766693, 50.786029815673828, 50.804462432861328
1.677418708801270, 0.516129016876221, 50.787673950195312, 50.804462432861328
1.677418708801270, 0.580645143985748, 50.788845062255859, 50.804462432861328
1.677418708801270, 0.645161271095276, 50.789657592773438, 50.804462432861328
1.677418708801270, 0.709677398204803, 50.790187835693359, 50.804462432861328
1.677418708801270, 0.774193525314331, 50.790523529052734, 50.804462432861328
1.677418708801270, 0.838709652423859, 50.790718078613281, 50.804462432861328
1.677418708801270, 0.903225779533386, 50.790828704833984, 50.804462432861328
1.677418708801270, 0.967741906642914, 50.790870666503906, 50.804462432861328
1.677418708801270, 1.032258033752441, 50.790870666503906, 50.804462432861328
1.677418708801270, 1.096774101257324, 50.790828704833984, 50.804462432861328
1.677418708801270, 1.161290168762207, 50.790718078613281, 50.804462432861328
1.677418708801270, 1.225806236267090, 50.790523529052734, 50.804462432861328
1.677418708801270, 1.290322303771973, 50.790187835693359, 50.804462432861328
1.677418708801270, 1.354838371276855, 50.789657592773438, 50.804462432861328
1.677418708801270, 1.419354438781738, 50.788845062255859, 50.804462432861328
1.677418708801270, 1.483870506286621, 50.787673950195312, 50.804462432861328
1.677418708801270, 1.548386573791504, 50.786029815673828, 50.804462432861328
1.677418708801270, 1.612902641296387, 50.783870697021484, 50.804462432861328
1.677418708801270, 1.677418708801270, 50.781124114990234, 50.804462432861328
1.677418708801270, 1.741934776306152, 50.777820587158203, 50.804462432861328
1.677418708801270, 1.806450843811035, 50.773960113525391, 50.804462432861328
1.677418708801270, 1.870966911315918, 50.769653320312500, 50.804462432861328
1.677418708801270, 1.935482978820801, 50.765060424804688, 50.804462432861328
1.677418708801270, 1.999999046325684, 50.773269653320312, 50.804462432861328
1.741934776306152, 0.000000000000000, 50.452602386474609, 50.474143981933594
1.741934776306152, 0.064516127109528, 50.445938110351562, 50.474143981933594
1.741934776306152, 0.129032254219055, 50.448337554931641, 50.474143981933594
1.741934776306152, 0.193548381328583, 50.450820922851562, 50.474143981933594
1.741934776306152, 0.258064508438110, 50.453155517578125, 50.474143981933594
1.741934776306152, 0.322580635547638, 50.455234527587891, 50.474143981933594
1.741934776306152, 0.387096762657166, 50.456981658935547, 50.474143981933594
1.741934776306152, 0.451612889766693, 50.458389282226562, 50.474143981933594
1.741934776306152, 0.516129016876221, 50.459449768066406, 50.474143981933594
1.741934776306152, 0.580645143985748, 50.460220336914062, 50.474143981933594
1.741934776306152, 0.645161271095276, 50.460746765136719, 50.474143981933594
1.741934776306152, 0.709677398204803, 50.461097717285156, 50.474143981933594
1.741934776306152, 0.774193525314331, 50.461315155029297, 50.474143981933594
1.741934776306152, 0.838709652423859, 50.461444854736328, 50.474143981933594
1.741934776306152, 0.903225779533386, 50.461513519287109, 50.474143981933594
1.741934776306152, 0.967741906642914, 50.461544036865234, 50.474143981933594
1.741934776306152, 1.032258033752441, 50.461544036865234, 50.474143981933594
1.741934776306152, 1.096774101257324, 50.461513519287109, 50.474143981933594
1.741934776306152, 1.161290168762207, 50.461444854736328, 50.474143981933594
1.741934776306152, 1.225806236267090, 50.461315155029297, 50.474143981933594
1.741934776306152, 1.290322303771973, 50.461097717285156, 50.474143981933594
1.741934776306152, 1.354838371276855, 50.460746765136719, 50.474143981933594
1.741934776306152, 1.419354438781738, 50.460220336914062, 50.474143981933594
1.741934776306152, 1.483870506286621, 50.459449768066406, 50.474143981933594
1.741934776306152, 1.548386573791504, 50.458389282226562, 50.474143981933594
1.741934776306152, 1.612902641296387, 50.456981658935547, 50.474143981933594
1.741934776306152, 1.677418708801270, 50.455234527587891, 50.474143981933594
1.741934776306152, 1.741934776306152, 50.453155517578125, 50.474143981933594
1.741934776306152, 1.806450843811035, 50.450820922851562, 50.474143981933594
1.741934776306152, 1.870966911315918, 50.448337554931641, 50.474143981933594
1.741934776306152, 1.935482978820801, 50.445938110351562, 50.474143981933594
1.741934776306152, 1.999999046325684, 50.452602386474609, 50.474143981933594
1.806450843811035, 0.000000000000000, 50.254978179931641, 50.269134521484375
1.806450843811035, 0.064516127109528, 50.248985290527344, 50.269134521484375
1.806450843811035, 0.129032254219055, 50.249538421630859, 50.269134521484375
1.806450843811035, 0.193548381328583, 50.250602722167969, 50.269134521484375
1.806450843811035, 0.258064508438110, 50.251834869384766, 50.269134521484375
1.806450843811035, 0.322580635547638, 50.253009796142578, 50.269134521484375
1.806450843811035, 0.387096762657166, 50.254047393798828, 50.269134521484375
1.806450843811035, 0.451612889766693, 50.254890441894531, 50.269134521484375
1.806450843811035, 0.516129016876221, 50.255538940429688, 50.269134521484375
1.806450843811035, 0.580645143985748, 50.256008148193359, 50.269134521484375
1.806450843811035, 0.645161271095276, 50.256332397460938, 50.269134521484375
1.806450843811035, 0.709677398204803, 50.256542205810547, 50.269134521484375
1.806450843811035, 0.774193525314331, 50.256675720214844, 50.269134521484375
1.806450843811035, 0.838709652423859, 50.256755828857422, 50.269134521484375
1.806450843811035, 0.903225779533386, 50.256801605224609, 50.269134521484375
1.806450843811035, 0.967741906642914, 50.256816864013672, 50.269134521484375
1.806450843811035, 1.032258033752441, 50.256816864013672, 50.269134521484375
1.806450843811035, 1.096774101257324, 50.256801605224609, 50.269134521484375
1.806450843811035, 1.161290168762207, 50.256755828857422, 50.269134521484375
1.806450843811035, 1.225806236267090, 50.256675720214844, 50.269134521484375
1.806450843811035, 1.290322303771973, 50.256542205810547, 50.269134521484375
1.806450843811035, 1.354838371276855, 50.256332397460938, 50.269134521484375
1.806450843811035, 1.419354438781738, 50.256008148193359, 50.269134521484375
1.806450843811035, 1.483870506286621, 50.255538940429688, 50.269134521484375
1.806450843811035, 1.548386573791504, 50.254890441894531, 50.269134521484375
1.806450843811035, 1.612902641296387, 50.254047393798828, 50.269134521484375
1.806450843811035, 1.677418708801270, 50.253009796142578, 50.269134521484375
1.806450843811035, 1.741934776306152, 50.251834869384766, 50.269134521484375
1.806450843811035, 1.806450843811035, 50.250602722167969, 50.269134521484375
1.806450843811035, 1.870966911315918, 50.249538421630859, 50.269134521484375
1.806450843811035, 1.935482978820801, 50.248985290527344, 50.269134521484375
1.806450843811035, 1.999999046325684, 50.254978179931641, 50.269134521484375
1.870966911315918, 0.000000000000000, 50.138206481933594, 50.147071838378906
1.870966911315918, 0.064516127109528, 50.130840301513672, 50.147071838378906
1.870966911315918, 0.129032254219055, 50.129531860351562, 50.147071838378906
1.870966911315918, 0.193548381328583, 50.129512786865234, 50.147071838378906
1.870966911315918, 0.258064508438110, 50.129970550537109, 50.147071838378906
1.870966911315918, 0.322580635547638, 50.130546569824219, 50.147071838378906
1.870966911315918, 0.387096762657166, 50.131092071533203, 50.147071838378906
1.870966911315918, 0.451612889766693, 50.131553649902344, 50.147071838378906
1.870966911315918, 0.516129016876221, 50.131908416748047, 50.147071838378906
1.870966911315918, 0.580645143985748, 50.132167816162109, 50.147071838378906
1.870966911315918, 0.645161271095276, 50.132347106933594, 50.147071838378906
1.870966911315918, 0.709677398204803, 50.132465362548828, 50.147071838378906
1.870966911315918, 0.774193525314331, 50.132541656494141, 50.147071838378906
1.870966911315918, 0.838709652423859, 50.132583618164062, 50.147071838378906
1.870966911315918, 0.903225779533386, 50.132606506347656, 50.147071838378906
1.870966911315918, 0.967741906642914, 50.132617950439453, 50.147071838378906
1.870966911315918, 1.032258033752441, 50.132617950439453, 50.147071838378906
1.870966911315918, 1.096774101257324, 50.132606506347656, 50.147071838378906
1.870966911315918, 1.161290168762207, 50.132583618164062, 50.147071838378906
1.870966911315918, 1.225806236267090, 50.132541656494141, 50.147071838378906
1.870966911315918, 1.290322303771973, 50.132465362548828, 50.147071838378906
1.870966911315918, 1.354838371276855, 50.132347106933594, 50.147071838378906
1.870966911315918, 1.419354438781738, 50.132167816162109, 50.147071838378906
1.870966911315918, 1.483870506286621, 50.131908416748047, 50.147071838378906
1.870966911315918, 1.548386573791504, 50.131553649902344, 50.147071838378906
1.870966911315918, 1.612902641296387, 50.131092071533203, 50.147071838378906
1.870966911315918, 1.677418708801270, 50.130546569824219, 50.147071838378906
1.870966911315918, 1.741934776306152, 50.129970550537109, 50.147071838378906
1.870966911315918, 1.806450843811035, 50.129512786865234, 50.147071838378906
1.870966911315918, 1.870966911315918, 50.129531860351562, 50.147071838378906
1.870966911315918, 1.935482978820801, 50.130840301513672, 50.147071838378906
1.870966911315918, 1.999999046325684, 50.138206481933594, 50.147071838378906
1.935482978820801, 0.000000000000000, 50.072052001953125, 50.077346801757812
1.935482978820801, 0.064516127109528, 50.058055877685547, 50.077346801757812
1.935482978820801, 0.129032254219055, 50.055046081542969, 50.077346801757812
1.935482978820801, 0.193548381328583, 50.054416656494141, 50.077346801757812
1.935482978820801, 0.258064508438110, 50.054450988769531, 50.077346801757812
1.935482978820801, 0.322580635547638, 50.054656982421875, 50.077346801757812
1.935482978820801, 0.387096762657166, 50.054882049560547, 50.077346801757812
1.935482978820801, 0.451612889766693, 50.055076599121094, 50.077346801757812
1.935482978820801, 0.516129016876221, 50.055233001708984, 50.077346801757812
1.935482978820801, 0.580645143985748, 50.055347442626953, 50.077346801757812
1.935482978820801, 0.645161271095276, 50.055427551269531, 50.077346801757812
1.935482978820801, 0.709677398204803, 50.055480957031250, 50.077346801757812
1.935482978820801, 0.774193525314331, 50.055511474609375, 50.077346801757812
1.935482978820801, 0.838709652423859, 50.055530548095703, 50.077346801757812
1.935482978820801, 0.903225779533386, 50.055541992187500, 50.077346801757812
1.935482978820801, 0.967741906642914, 50.055545806884766, 50.077346801757812
1.935482978820801, 1.032258033752441, 50.055545806884766, 50.077346801757812
1.935482978820801, 1.096774101257324, 50.055541992187500, 50.077346801757812
1.935482978820801, 1.161290168762207, 50.055530548095703, 50.077346801757812
1.935482978820801, 1.225806236267090, 50.055511474609375, 50.077346801757812
1.935482978820801, 1.290322303771973, 50.055480957031250, 50.077346801757812
1.935482978820801, 1.354838371276855, 50.055427551269531, 50.077346801757812
1.935482978820801, 1.419354438781738, 50.055347442626953, 50.077346801757812
1.935482978820801, 1.483870506286621, 50.055233001708984, 50.077346801757812
1.935482978820801, 1.548386573791504, 50.055076599121094, 50.077346801757812
1.935482978820801, 1.612902641296387, 50.054882049560547, 50.077346801757812
1.935482978820801, 1.677418708801270, 50.054656982421875, 50.077346801757812
1.935482978820801, 1.741934776306152, 50.054450988769531, 50.077346801757812
1.935482978820801, 1.806450843811035, 50.054416656494141, 50.077346801757812
1.935482978820801, 1.870966911315918, 50.055046081542969, 50.077346801757812
1.935482978820801, 1.935482978820801, 50.058055877685547, 50.077346801757812
1.935482978820801, 1.999999046325684, 50.072052001953125, 50.077346801757812
1.999999046325684, 0.000000000000000, 50.000000000000000, 50.039134979248047
1.999999046325684, 0.064516127109528, 50.000000000000000, 50.039134979248047
1.999999046325684, 0.129032254219055, 50.000000000000000, 50.039134979248047
1.999999046325684, 0.193548381328583, 50.000000000000000, 50.039134979248047
1.999999046325684, 0.258064508438110, 50.000000000000000, 50.039134979248047
1.999999046325684, 0.322580635547638, 50.000000000000000, 50.039134979248047
1.999999046325684, 0.387096762657166, 50.000000000000000, 50.039134979248047
1.999999046325684, 0.451612889766693, 50.000000000000000, 50.039134979248047
1.999999046325684, 0.516129016876221, 50.000000000000000, 50.039134979248047
1.999999046325684, 0.580645143985748, 50.000000000000000, 50.039134979248047
1.999999046325684, 0.645161271095276, 50.000000000000000, 50.039134979248047
1.999999046325684, 0.709677398204803, 50.000000000000000, 50.039134979248047
1.999999046325684, 0.774193525314331, 50.000000000000000, 50.039134979248047
1.999999046325684, 0.838709652423859, 50.000000000000000, 50.039134979248047
1.999999046325684, 0.903225779533386, 50.000000000000000, 50.039134979248047
1.999999046325684, 0.967741906642914, 50.000000000000000, 50.039134979248047
1.999999046325684, 1.032258033752441, 50.000000000000000, 50.039134979248047
1.999999046325684, 1.096774101257324, 50.000000000000000, 50.039134979248047
1.999999046325684, 1.161290168762207, 50.000000000000000, 50.039134979248047
1.999999046325684, 1.225806236267090, 50.000000000000000, 50.039134979248047
1.999999046325684, 1.290322303771973, 50.000000000000000, 50.039134979248047
1.999999046325684, 1.354838371276855, 50.000000000000000, 50.039134979248047
1.999999046325684, 1.419354438781738, 50.000000000000000, 50.039134979248047
1.999999046325684, 1.483870506286621, 50.000000000000000, 50.039134979248047
1.999999046325684, 1.548386573791504, 50.000000000000000, 50.039134979248047
1.999999046325684, 1.612902641296387, 50.000000000000000, 50.039134979248047
1.999999046325684, 1.677418708801270, 50.000000000000000, 50.039134979248047
1.999999046325684, 1.741934776306152, 50.000000000000000, 50.039134979248047
1.999999046325684, 1.806450843811035, 50.000000000000000, 50.039134979248047
1.999999046325684, 1.870966911315918, 50.000000000000000, 50.039134979248047
1.999999046325684, 1.935482978820801, 50.000000000000000, 50.039134979248047
1.999999046325684, 1.999999046325684, 50.000000000000000, 50.039134979248047
