CURRENT TIME : 0.030000
VARIABLES : y - x - T - Te
ZONE T='Only Zone', I= 32, J=32  F=POINT
0.000000000000000, 0.000000000000000, 100.000000000000000, 99.998886108398438
0.000000000000000, 0.064516127109528, 100.000000000000000, 99.998886108398438
0.000000000000000, 0.129032254219055, 100.000000000000000, 99.998886108398438
0.000000000000000, 0.193548381328583, 100.000000000000000, 99.998886108398438
0.000000000000000, 0.258064508438110, 100.000000000000000, 99.998886108398438
0.000000000000000, 0.322580635547638, 100.000000000000000, 99.998886108398438
0.000000000000000, 0.387096762657166, 100.000000000000000, 99.998886108398438
0.000000000000000, 0.451612889766693, 100.000000000000000, 99.998886108398438
0.000000000000000, 0.516129016876221, 100.000000000000000, 99.998886108398438
0.000000000000000, 0.580645143985748, 100.000000000000000, 99.998886108398438
0.000000000000000, 0.645161271095276, 100.000000000000000, 99.998886108398438
0.000000000000000, 0.709677398204803, 100.000000000000000, 99.998886108398438
0.000000000000000, 0.774193525314331, 100.000000000000000, 99.998886108398438
0.000000000000000, 0.838709652423859, 100.000000000000000, 99.998886108398438
0.000000000000000, 0.903225779533386, 100.000000000000000, 99.998886108398438
0.000000000000000, 0.967741906642914, 100.000000000000000, 99.998886108398438
0.000000000000000, 1.032258033752441, 100.000000000000000, 99.998886108398438
0.000000000000000, 1.096774101257324, 100.000000000000000, 99.998886108398438
0.000000000000000, 1.161290168762207, 100.000000000000000, 99.998886108398438
0.000000000000000, 1.225806236267090, 100.000000000000000, 99.998886108398438
0.000000000000000, 1.290322303771973, 100.000000000000000, 99.998886108398438
0.000000000000000, 1.354838371276855, 100.000000000000000, 99.998886108398438
0.000000000000000, 1.419354438781738, 100.000000000000000, 99.998886108398438
0.000000000000000, 1.483870506286621, 100.000000000000000, 99.998886108398438
0.000000000000000, 1.548386573791504, 100.000000000000000, 99.998886108398438
0.000000000000000, 1.612902641296387, 100.000000000000000, 99.998886108398438
0.000000000000000, 1.677418708801270, 100.000000000000000, 99.998886108398438
0.000000000000000, 1.741934776306152, 100.000000000000000, 99.998886108398438
0.000000000000000, 1.806450843811035, 100.000000000000000, 99.998886108398438
0.000000000000000, 1.870966911315918, 100.000000000000000, 99.998886108398438
0.000000000000000, 1.935482978820801, 100.000000000000000, 99.998886108398438
0.000000000000000, 1.999999046325684, 100.000000000000000, 99.998886108398438
0.064516127109528, 0.000000000000000, 99.997238159179688, 99.996650695800781
0.064516127109528, 0.064516127109528, 99.997734069824219, 99.996650695800781
0.064516127109528, 0.129032254219055, 99.997802734375000, 99.996650695800781
0.064516127109528, 0.193548381328583, 99.997810363769531, 99.996650695800781
0.064516127109528, 0.258064508438110, 99.997795104980469, 99.996650695800781
0.064516127109528, 0.322580635547638, 99.997779846191406, 99.996650695800781
0.064516127109528, 0.387096762657166, 99.997764587402344, 99.996650695800781
0.064516127109528, 0.451612889766693, 99.997756958007812, 99.996650695800781
0.064516127109528, 0.516129016876221, 99.997749328613281, 99.996650695800781
0.064516127109528, 0.580645143985748, 99.997749328613281, 99.996650695800781
0.064516127109528, 0.645161271095276, 99.997749328613281, 99.996650695800781
0.064516127109528, 0.709677398204803, 99.997749328613281, 99.996650695800781
0.064516127109528, 0.774193525314331, 99.997749328613281, 99.996650695800781
0.064516127109528, 0.838709652423859, 99.997749328613281, 99.996650695800781
0.064516127109528, 0.903225779533386, 99.997749328613281, 99.996650695800781
0.064516127109528, 0.967741906642914, 99.997749328613281, 99.996650695800781
0.064516127109528, 1.032258033752441, 99.997749328613281, 99.996650695800781
0.064516127109528, 1.096774101257324, 99.997749328613281, 99.996650695800781
0.064516127109528, 1.161290168762207, 99.997749328613281, 99.996650695800781
0.064516127109528, 1.225806236267090, 99.997749328613281, 99.996650695800781
0.064516127109528, 1.290322303771973, 99.997749328613281, 99.996650695800781
0.064516127109528, 1.354838371276855, 99.997749328613281, 99.996650695800781
0.064516127109528, 1.419354438781738, 99.997749328613281, 99.996650695800781
0.064516127109528, 1.483870506286621, 99.997749328613281, 99.996650695800781
0.064516127109528, 1.548386573791504, 99.997756958007812, 99.996650695800781
0.064516127109528, 1.612902641296387, 99.997764587402344, 99.996650695800781
0.064516127109528, 1.677418708801270, 99.997779846191406, 99.996650695800781
0.064516127109528, 1.741934776306152, 99.997795104980469, 99.996650695800781
0.064516127109528, 1.806450843811035, 99.997810363769531, 99.996650695800781
0.064516127109528, 1.870966911315918, 99.997802734375000, 99.996650695800781
0.064516127109528, 1.935482978820801, 99.997734069824219, 99.996650695800781
0.064516127109528, 1.999999046325684, 99.997238159179688, 99.996650695800781
0.129032254219055, 0.000000000000000, 99.992034912109375, 99.990577697753906
0.129032254219055, 0.064516127109528, 99.992782592773438, 99.990577697753906
0.129032254219055, 0.129032254219055, 99.992835998535156, 99.990577697753906
0.129032254219055, 0.193548381328583, 99.992805480957031, 99.990577697753906
0.129032254219055, 0.258064508438110, 99.992744445800781, 99.990577697753906
0.129032254219055, 0.322580635547638, 99.992675781250000, 99.990577697753906
0.129032254219055, 0.387096762657166, 99.992630004882812, 99.990577697753906
0.129032254219055, 0.451612889766693, 99.992591857910156, 99.990577697753906
0.129032254219055, 0.516129016876221, 99.992576599121094, 99.990577697753906
0.129032254219055, 0.580645143985748, 99.992561340332031, 99.990577697753906
0.129032254219055, 0.645161271095276, 99.992561340332031, 99.990577697753906
0.129032254219055, 0.709677398204803, 99.992553710937500, 99.990577697753906
0.129032254219055, 0.774193525314331, 99.992553710937500, 99.990577697753906
0.129032254219055, 0.838709652423859, 99.992553710937500, 99.990577697753906
0.129032254219055, 0.903225779533386, 99.992553710937500, 99.990577697753906
0.129032254219055, 0.967741906642914, 99.992553710937500, 99.990577697753906
0.129032254219055, 1.032258033752441, 99.992553710937500, 99.990577697753906
0.129032254219055, 1.096774101257324, 99.992553710937500, 99.990577697753906
0.129032254219055, 1.161290168762207, 99.992553710937500, 99.990577697753906
0.129032254219055, 1.225806236267090, 99.992553710937500, 99.990577697753906
0.129032254219055, 1.290322303771973, 99.992553710937500, 99.990577697753906
0.129032254219055, 1.354838371276855, 99.992561340332031, 99.990577697753906
0.129032254219055, 1.419354438781738, 99.992561340332031, 99.990577697753906
0.129032254219055, 1.483870506286621, 99.992576599121094, 99.990577697753906
0.129032254219055, 1.548386573791504, 99.992591857910156, 99.990577697753906
0.129032254219055, 1.612902641296387, 99.992630004882812, 99.990577697753906
0.129032254219055, 1.677418708801270, 99.992675781250000, 99.990577697753906
0.129032254219055, 1.741934776306152, 99.992744445800781, 99.990577697753906
0.129032254219055, 1.806450843811035, 99.992805480957031, 99.990577697753906
0.129032254219055, 1.870966911315918, 99.992835998535156, 99.990577697753906
0.129032254219055, 1.935482978820801, 99.992782592773438, 99.990577697753906
0.129032254219055, 1.999999046325684, 99.992034912109375, 99.990577697753906
0.193548381328583, 0.000000000000000, 99.978523254394531, 99.975158691406250
0.193548381328583, 0.064516127109528, 99.979965209960938, 99.975158691406250
0.193548381328583, 0.129032254219055, 99.979904174804688, 99.975158691406250
0.193548381328583, 0.193548381328583, 99.979728698730469, 99.975158691406250
0.193548381328583, 0.258064508438110, 99.979507446289062, 99.975158691406250
0.193548381328583, 0.322580635547638, 99.979331970214844, 99.975158691406250
0.193548381328583, 0.387096762657166, 99.979171752929688, 99.975158691406250
0.193548381328583, 0.451612889766693, 99.979087829589844, 99.975158691406250
0.193548381328583, 0.516129016876221, 99.979019165039062, 99.975158691406250
0.193548381328583, 0.580645143985748, 99.978988647460938, 99.975158691406250
0.193548381328583, 0.645161271095276, 99.978973388671875, 99.975158691406250
0.193548381328583, 0.709677398204803, 99.978965759277344, 99.975158691406250
0.193548381328583, 0.774193525314331, 99.978965759277344, 99.975158691406250
0.193548381328583, 0.838709652423859, 99.978965759277344, 99.975158691406250
0.193548381328583, 0.903225779533386, 99.978965759277344, 99.975158691406250
0.193548381328583, 0.967741906642914, 99.978965759277344, 99.975158691406250
0.193548381328583, 1.032258033752441, 99.978965759277344, 99.975158691406250
0.193548381328583, 1.096774101257324, 99.978965759277344, 99.975158691406250
0.193548381328583, 1.161290168762207, 99.978965759277344, 99.975158691406250
0.193548381328583, 1.225806236267090, 99.978965759277344, 99.975158691406250
0.193548381328583, 1.290322303771973, 99.978965759277344, 99.975158691406250
0.193548381328583, 1.354838371276855, 99.978973388671875, 99.975158691406250
0.193548381328583, 1.419354438781738, 99.978988647460938, 99.975158691406250
0.193548381328583, 1.483870506286621, 99.979019165039062, 99.975158691406250
0.193548381328583, 1.548386573791504, 99.979087829589844, 99.975158691406250
0.193548381328583, 1.612902641296387, 99.979171752929688, 99.975158691406250
0.193548381328583, 1.677418708801270, 99.979331970214844, 99.975158691406250
0.193548381328583, 1.741934776306152, 99.979507446289062, 99.975158691406250
0.193548381328583, 1.806450843811035, 99.979728698730469, 99.975158691406250
0.193548381328583, 1.870966911315918, 99.979904174804688, 99.975158691406250
0.193548381328583, 1.935482978820801, 99.979965209960938, 99.975158691406250
0.193548381328583, 1.999999046325684, 99.978523254394531, 99.975158691406250
0.258064508438110, 0.000000000000000, 99.945838928222656, 99.938644409179688
0.258064508438110, 0.064516127109528, 99.948486328125000, 99.938644409179688
0.258064508438110, 0.129032254219055, 99.948043823242188, 99.938644409179688
0.258064508438110, 0.193548381328583, 99.947418212890625, 99.938644409179688
0.258064508438110, 0.258064508438110, 99.946846008300781, 99.938644409179688
0.258064508438110, 0.322580635547638, 99.946327209472656, 99.938644409179688
0.258064508438110, 0.387096762657166, 99.945976257324219, 99.938644409179688
0.258064508438110, 0.451612889766693, 99.945709228515625, 99.938644409179688
0.258064508438110, 0.516129016876221, 99.945571899414062, 99.938644409179688
0.258064508438110, 0.580645143985748, 99.945480346679688, 99.938644409179688
0.258064508438110, 0.645161271095276, 99.945442199707031, 99.938644409179688
0.258064508438110, 0.709677398204803, 99.945426940917969, 99.938644409179688
0.258064508438110, 0.774193525314331, 99.945419311523438, 99.938644409179688
0.258064508438110, 0.838709652423859, 99.945411682128906, 99.938644409179688
0.258064508438110, 0.903225779533386, 99.945411682128906, 99.938644409179688
0.258064508438110, 0.967741906642914, 99.945411682128906, 99.938644409179688
0.258064508438110, 1.032258033752441, 99.945411682128906, 99.938644409179688
0.258064508438110, 1.096774101257324, 99.945411682128906, 99.938644409179688
0.258064508438110, 1.161290168762207, 99.945411682128906, 99.938644409179688
0.258064508438110, 1.225806236267090, 99.945419311523438, 99.938644409179688
0.258064508438110, 1.290322303771973, 99.945426940917969, 99.938644409179688
0.258064508438110, 1.354838371276855, 99.945442199707031, 99.938644409179688
0.258064508438110, 1.419354438781738, 99.945480346679688, 99.938644409179688
0.258064508438110, 1.483870506286621, 99.945571899414062, 99.938644409179688
0.258064508438110, 1.548386573791504, 99.945709228515625, 99.938644409179688
0.258064508438110, 1.612902641296387, 99.945976257324219, 99.938644409179688
0.258064508438110, 1.677418708801270, 99.946327209472656, 99.938644409179688
0.258064508438110, 1.741934776306152, 99.946846008300781, 99.938644409179688
0.258064508438110, 1.806450843811035, 99.947418212890625, 99.938644409179688
0.258064508438110, 1.870966911315918, 99.948043823242188, 99.938644409179688
0.258064508438110, 1.935482978820801, 99.948486328125000, 99.938644409179688
0.258064508438110, 1.999999046325684, 99.945838928222656, 99.938644409179688
0.322580635547638, 0.000000000000000, 99.872146606445312, 99.857933044433594
0.322580635547638, 0.064516127109528, 99.876655578613281, 99.857933044433594
0.322580635547638, 0.129032254219055, 99.875129699707031, 99.857933044433594
0.322580635547638, 0.193548381328583, 99.873573303222656, 99.857933044433594
0.322580635547638, 0.258064508438110, 99.872085571289062, 99.857933044433594
0.322580635547638, 0.322580635547638, 99.870971679687500, 99.857933044433594
0.322580635547638, 0.387096762657166, 99.870086669921875, 99.857933044433594
0.322580635547638, 0.451612889766693, 99.869552612304688, 99.857933044433594
0.322580635547638, 0.516129016876221, 99.869194030761719, 99.857933044433594
0.322580635547638, 0.580645143985748, 99.869018554687500, 99.857933044433594
0.322580635547638, 0.645161271095276, 99.868911743164062, 99.857933044433594
0.322580635547638, 0.709677398204803, 99.868873596191406, 99.857933044433594
0.322580635547638, 0.774193525314331, 99.868850708007812, 99.857933044433594
0.322580635547638, 0.838709652423859, 99.868843078613281, 99.857933044433594
0.322580635547638, 0.903225779533386, 99.868843078613281, 99.857933044433594
0.322580635547638, 0.967741906642914, 99.868843078613281, 99.857933044433594
0.322580635547638, 1.032258033752441, 99.868843078613281, 99.857933044433594
0.322580635547638, 1.096774101257324, 99.868843078613281, 99.857933044433594
0.322580635547638, 1.161290168762207, 99.868843078613281, 99.857933044433594
0.322580635547638, 1.225806236267090, 99.868850708007812, 99.857933044433594
0.322580635547638, 1.290322303771973, 99.868873596191406, 99.857933044433594
0.322580635547638, 1.354838371276855, 99.868911743164062, 99.857933044433594
0.322580635547638, 1.419354438781738, 99.869018554687500, 99.857933044433594
0.322580635547638, 1.483870506286621, 99.869194030761719, 99.857933044433594
0.322580635547638, 1.548386573791504, 99.869552612304688, 99.857933044433594
0.322580635547638, 1.612902641296387, 99.870086669921875, 99.857933044433594
0.322580635547638, 1.677418708801270, 99.870971679687500, 99.857933044433594
0.322580635547638, 1.741934776306152, 99.872085571289062, 99.857933044433594
0.322580635547638, 1.806450843811035, 99.873573303222656, 99.857933044433594
0.322580635547638, 1.870966911315918, 99.875129699707031, 99.857933044433594
0.322580635547638, 1.935482978820801, 99.876655578613281, 99.857933044433594
0.322580635547638, 1.999999046325684, 99.872146606445312, 99.857933044433594
0.387096762657166, 0.000000000000000, 99.717361450195312, 99.691413879394531
0.387096762657166, 0.064516127109528, 99.724334716796875, 99.691413879394531
0.387096762657166, 0.129032254219055, 99.720642089843750, 99.691413879394531
0.387096762657166, 0.193548381328583, 99.716972351074219, 99.691413879394531
0.387096762657166, 0.258064508438110, 99.713981628417969, 99.691413879394531
0.387096762657166, 0.322580635547638, 99.711502075195312, 99.691413879394531
0.387096762657166, 0.387096762657166, 99.709838867187500, 99.691413879394531
0.387096762657166, 0.451612889766693, 99.708633422851562, 99.691413879394531
0.387096762657166, 0.516129016876221, 99.707977294921875, 99.691413879394531
0.387096762657166, 0.580645143985748, 99.707565307617188, 99.691413879394531
0.387096762657166, 0.645161271095276, 99.707374572753906, 99.691413879394531
0.387096762657166, 0.709677398204803, 99.707275390625000, 99.691413879394531
0.387096762657166, 0.774193525314331, 99.707237243652344, 99.691413879394531
0.387096762657166, 0.838709652423859, 99.707221984863281, 99.691413879394531
0.387096762657166, 0.903225779533386, 99.707214355468750, 99.691413879394531
0.387096762657166, 0.967741906642914, 99.707214355468750, 99.691413879394531
0.387096762657166, 1.032258033752441, 99.707214355468750, 99.691413879394531
0.387096762657166, 1.096774101257324, 99.707214355468750, 99.691413879394531
0.387096762657166, 1.161290168762207, 99.707221984863281, 99.691413879394531
0.387096762657166, 1.225806236267090, 99.707237243652344, 99.691413879394531
0.387096762657166, 1.290322303771973, 99.707275390625000, 99.691413879394531
0.387096762657166, 1.354838371276855, 99.707374572753906, 99.691413879394531
0.387096762657166, 1.419354438781738, 99.707565307617188, 99.691413879394531
0.387096762657166, 1.483870506286621, 99.707977294921875, 99.691413879394531
0.387096762657166, 1.548386573791504, 99.708633422851562, 99.691413879394531
0.387096762657166, 1.612902641296387, 99.709838867187500, 99.691413879394531
0.387096762657166, 1.677418708801270, 99.711502075195312, 99.691413879394531
0.387096762657166, 1.741934776306152, 99.713981628417969, 99.691413879394531
0.387096762657166, 1.806450843811035, 99.716972351074219, 99.691413879394531
0.387096762657166, 1.870966911315918, 99.720642089843750, 99.691413879394531
0.387096762657166, 1.935482978820801, 99.724334716796875, 99.691413879394531
0.387096762657166, 1.999999046325684, 99.717361450195312, 99.691413879394531
0.451612889766693, 0.000000000000000, 99.414428710937500, 99.370742797851562
0.451612889766693, 0.064516127109528, 99.424362182617188, 99.370742797851562
0.451612889766693, 0.129032254219055, 99.416473388671875, 99.370742797851562
0.451612889766693, 0.193548381328583, 99.409523010253906, 99.370742797851562
0.451612889766693, 0.258064508438110, 99.403541564941406, 99.370742797851562
0.451612889766693, 0.322580635547638, 99.399192810058594, 99.370742797851562
0.451612889766693, 0.387096762657166, 99.395874023437500, 99.370742797851562
0.451612889766693, 0.451612889766693, 99.393859863281250, 99.370742797851562
0.451612889766693, 0.516129016876221, 99.392494201660156, 99.370742797851562
0.451612889766693, 0.580645143985748, 99.391815185546875, 99.370742797851562
0.451612889766693, 0.645161271095276, 99.391418457031250, 99.370742797851562
0.451612889766693, 0.709677398204803, 99.391250610351562, 99.370742797851562
0.451612889766693, 0.774193525314331, 99.391166687011719, 99.370742797851562
0.451612889766693, 0.838709652423859, 99.391136169433594, 99.370742797851562
0.451612889766693, 0.903225779533386, 99.391128540039062, 99.370742797851562
0.451612889766693, 0.967741906642914, 99.391128540039062, 99.370742797851562
0.451612889766693, 1.032258033752441, 99.391128540039062, 99.370742797851562
0.451612889766693, 1.096774101257324, 99.391128540039062, 99.370742797851562
0.451612889766693, 1.161290168762207, 99.391136169433594, 99.370742797851562
0.451612889766693, 1.225806236267090, 99.391166687011719, 99.370742797851562
0.451612889766693, 1.290322303771973, 99.391250610351562, 99.370742797851562
0.451612889766693, 1.354838371276855, 99.391418457031250, 99.370742797851562
0.451612889766693, 1.419354438781738, 99.391815185546875, 99.370742797851562
0.451612889766693, 1.483870506286621, 99.392494201660156, 99.370742797851562
0.451612889766693, 1.548386573791504, 99.393859863281250, 99.370742797851562
0.451612889766693, 1.612902641296387, 99.395874023437500, 99.370742797851562
0.451612889766693, 1.677418708801270, 99.399192810058594, 99.370742797851562
0.451612889766693, 1.741934776306152, 99.403541564941406, 99.370742797851562
0.451612889766693, 1.806450843811035, 99.409523010253906, 99.370742797851562
0.451612889766693, 1.870966911315918, 99.416473388671875, 99.370742797851562
0.451612889766693, 1.935482978820801, 99.424362182617188, 99.370742797851562
0.451612889766693, 1.999999046325684, 99.414428710937500, 99.370742797851562
0.516129016876221, 0.000000000000000, 98.862014770507812, 98.794418334960938
0.516129016876221, 0.064516127109528, 98.874771118164062, 98.794418334960938
0.516129016876221, 0.129032254219055, 98.860755920410156, 98.794418334960938
0.516129016876221, 0.193548381328583, 98.848228454589844, 98.794418334960938
0.516129016876221, 0.258064508438110, 98.838493347167969, 98.794418334960938
0.516129016876221, 0.322580635547638, 98.830734252929688, 98.794418334960938
0.516129016876221, 0.387096762657166, 98.825599670410156, 98.794418334960938
0.516129016876221, 0.451612889766693, 98.821914672851562, 98.794418334960938
0.516129016876221, 0.516129016876221, 98.819877624511719, 98.794418334960938
0.516129016876221, 0.580645143985748, 98.818580627441406, 98.794418334960938
0.516129016876221, 0.645161271095276, 98.817985534667969, 98.794418334960938
0.516129016876221, 0.709677398204803, 98.817649841308594, 98.794418334960938
0.516129016876221, 0.774193525314331, 98.817527770996094, 98.794418334960938
0.516129016876221, 0.838709652423859, 98.817466735839844, 98.794418334960938
0.516129016876221, 0.903225779533386, 98.817451477050781, 98.794418334960938
0.516129016876221, 0.967741906642914, 98.817443847656250, 98.794418334960938
0.516129016876221, 1.032258033752441, 98.817443847656250, 98.794418334960938
0.516129016876221, 1.096774101257324, 98.817451477050781, 98.794418334960938
0.516129016876221, 1.161290168762207, 98.817466735839844, 98.794418334960938
0.516129016876221, 1.225806236267090, 98.817527770996094, 98.794418334960938
0.516129016876221, 1.290322303771973, 98.817649841308594, 98.794418334960938
0.516129016876221, 1.354838371276855, 98.817985534667969, 98.794418334960938
0.516129016876221, 1.419354438781738, 98.818580627441406, 98.794418334960938
0.516129016876221, 1.483870506286621, 98.819877624511719, 98.794418334960938
0.516129016876221, 1.548386573791504, 98.821914672851562, 98.794418334960938
0.516129016876221, 1.612902641296387, 98.825599670410156, 98.794418334960938
0.516129016876221, 1.677418708801270, 98.830734252929688, 98.794418334960938
0.516129016876221, 1.741934776306152, 98.838493347167969, 98.794418334960938
0.516129016876221, 1.806450843811035, 98.848228454589844, 98.794418334960938
0.516129016876221, 1.870966911315918, 98.860755920410156, 98.794418334960938
0.516129016876221, 1.935482978820801, 98.874771118164062, 98.794418334960938
0.516129016876221, 1.999999046325684, 98.862014770507812, 98.794418334960938
0.580645143985748, 0.000000000000000, 97.923408508300781, 97.827621459960938
0.580645143985748, 0.064516127109528, 97.938529968261719, 97.827621459960938
0.580645143985748, 0.129032254219055, 97.915748596191406, 97.827621459960938
0.580645143985748, 0.193548381328583, 97.896873474121094, 97.827621459960938
0.580645143985748, 0.258064508438110, 97.881286621093750, 97.827621459960938
0.580645143985748, 0.322580635547638, 97.870223999023438, 97.827621459960938
0.580645143985748, 0.387096762657166, 97.861877441406250, 97.827621459960938
0.580645143985748, 0.451612889766693, 97.856834411621094, 97.827621459960938
0.580645143985748, 0.516129016876221, 97.853393554687500, 97.827621459960938
0.580645143985748, 0.580645143985748, 97.851669311523438, 97.827621459960938
0.580645143985748, 0.645161271095276, 97.850608825683594, 97.827621459960938
0.580645143985748, 0.709677398204803, 97.850173950195312, 97.827621459960938
0.580645143985748, 0.774193525314331, 97.849937438964844, 97.827621459960938
0.580645143985748, 0.838709652423859, 97.849861145019531, 97.827621459960938
0.580645143985748, 0.903225779533386, 97.849822998046875, 97.827621459960938
0.580645143985748, 0.967741906642914, 97.849815368652344, 97.827621459960938
0.580645143985748, 1.032258033752441, 97.849815368652344, 97.827621459960938
0.580645143985748, 1.096774101257324, 97.849822998046875, 97.827621459960938
0.580645143985748, 1.161290168762207, 97.849861145019531, 97.827621459960938
0.580645143985748, 1.225806236267090, 97.849937438964844, 97.827621459960938
0.580645143985748, 1.290322303771973, 97.850173950195312, 97.827621459960938
0.580645143985748, 1.354838371276855, 97.850608825683594, 97.827621459960938
0.580645143985748, 1.419354438781738, 97.851669311523438, 97.827621459960938
0.580645143985748, 1.483870506286621, 97.853393554687500, 97.827621459960938
0.580645143985748, 1.548386573791504, 97.856834411621094, 97.827621459960938
0.580645143985748, 1.612902641296387, 97.861877441406250, 97.827621459960938
0.580645143985748, 1.677418708801270, 97.870223999023438, 97.827621459960938
0.580645143985748, 1.741934776306152, 97.881286621093750, 97.827621459960938
0.580645143985748, 1.806450843811035, 97.896873474121094, 97.827621459960938
0.580645143985748, 1.870966911315918, 97.915748596191406, 97.827621459960938
0.580645143985748, 1.935482978820801, 97.938529968261719, 97.827621459960938
0.580645143985748, 1.999999046325684, 97.923408508300781, 97.827621459960938
0.645161271095276, 0.000000000000000, 96.437446594238281, 96.313926696777344
0.645161271095276, 0.064516127109528, 96.453392028808594, 96.313926696777344
0.645161271095276, 0.129032254219055, 96.421798706054688, 96.313926696777344
0.645161271095276, 0.193548381328583, 96.394783020019531, 96.313926696777344
0.645161271095276, 0.258064508438110, 96.374404907226562, 96.313926696777344
0.645161271095276, 0.322580635547638, 96.358398437500000, 96.313926696777344
0.645161271095276, 0.387096762657166, 96.347961425781250, 96.313926696777344
0.645161271095276, 0.451612889766693, 96.340431213378906, 96.313926696777344
0.645161271095276, 0.516129016876221, 96.336288452148438, 96.313926696777344
0.645161271095276, 0.580645143985748, 96.333580017089844, 96.313926696777344
0.645161271095276, 0.645161271095276, 96.332351684570312, 96.313926696777344
0.645161271095276, 0.709677398204803, 96.331626892089844, 96.313926696777344
0.645161271095276, 0.774193525314331, 96.331359863281250, 96.313926696777344
0.645161271095276, 0.838709652423859, 96.331214904785156, 96.313926696777344
0.645161271095276, 0.903225779533386, 96.331169128417969, 96.313926696777344
0.645161271095276, 0.967741906642914, 96.331153869628906, 96.313926696777344
0.645161271095276, 1.032258033752441, 96.331153869628906, 96.313926696777344
0.645161271095276, 1.096774101257324, 96.331169128417969, 96.313926696777344
0.645161271095276, 1.161290168762207, 96.331214904785156, 96.313926696777344
0.645161271095276, 1.225806236267090, 96.331359863281250, 96.313926696777344
0.645161271095276, 1.290322303771973, 96.331626892089844, 96.313926696777344
0.645161271095276, 1.354838371276855, 96.332351684570312, 96.313926696777344
0.645161271095276, 1.419354438781738, 96.333580017089844, 96.313926696777344
0.645161271095276, 1.483870506286621, 96.336288452148438, 96.313926696777344
0.645161271095276, 1.548386573791504, 96.340431213378906, 96.313926696777344
0.645161271095276, 1.612902641296387, 96.347961425781250, 96.313926696777344
0.645161271095276, 1.677418708801270, 96.358398437500000, 96.313926696777344
0.645161271095276, 1.741934776306152, 96.374404907226562, 96.313926696777344
0.645161271095276, 1.806450843811035, 96.394783020019531, 96.313926696777344
0.645161271095276, 1.870966911315918, 96.421798706054688, 96.313926696777344
0.645161271095276, 1.935482978820801, 96.453392028808594, 96.313926696777344
0.645161271095276, 1.999999046325684, 96.437446594238281, 96.313926696777344
0.709677398204803, 0.000000000000000, 94.245483398437500, 94.101905822753906
0.709677398204803, 0.064516127109528, 94.261062622070312, 94.101905822753906
0.709677398204803, 0.129032254219055, 94.220970153808594, 94.101905822753906
0.709677398204803, 0.193548381328583, 94.188865661621094, 94.101905822753906
0.709677398204803, 0.258064508438110, 94.162765502929688, 94.101905822753906
0.709677398204803, 0.322580635547638, 94.144653320312500, 94.101905822753906
0.709677398204803, 0.387096762657166, 94.130897521972656, 94.101905822753906
0.709677398204803, 0.451612889766693, 94.122734069824219, 94.101905822753906
0.709677398204803, 0.516129016876221, 94.117027282714844, 94.101905822753906
0.709677398204803, 0.580645143985748, 94.114212036132812, 94.101905822753906
0.709677398204803, 0.645161271095276, 94.112411499023438, 94.101905822753906
0.709677398204803, 0.709677398204803, 94.111694335937500, 94.101905822753906
0.709677398204803, 0.774193525314331, 94.111267089843750, 94.101905822753906
0.709677398204803, 0.838709652423859, 94.111129760742188, 94.101905822753906
0.709677398204803, 0.903225779533386, 94.111061096191406, 94.101905822753906
0.709677398204803, 0.967741906642914, 94.111038208007812, 94.101905822753906
0.709677398204803, 1.032258033752441, 94.111038208007812, 94.101905822753906
0.709677398204803, 1.096774101257324, 94.111061096191406, 94.101905822753906
0.709677398204803, 1.161290168762207, 94.111129760742188, 94.101905822753906
0.709677398204803, 1.225806236267090, 94.111267089843750, 94.101905822753906
0.709677398204803, 1.290322303771973, 94.111694335937500, 94.101905822753906
0.709677398204803, 1.354838371276855, 94.112411499023438, 94.101905822753906
0.709677398204803, 1.419354438781738, 94.114212036132812, 94.101905822753906
0.709677398204803, 1.483870506286621, 94.117027282714844, 94.101905822753906
0.709677398204803, 1.548386573791504, 94.122734069824219, 94.101905822753906
0.709677398204803, 1.612902641296387, 94.130897521972656, 94.101905822753906
0.709677398204803, 1.677418708801270, 94.144653320312500, 94.101905822753906
0.709677398204803, 1.741934776306152, 94.162765502929688, 94.101905822753906
0.709677398204803, 1.806450843811035, 94.188865661621094, 94.101905822753906
0.709677398204803, 1.870966911315918, 94.220970153808594, 94.101905822753906
0.709677398204803, 1.935482978820801, 94.261062622070312, 94.101905822753906
0.709677398204803, 1.999999046325684, 94.245483398437500, 94.101905822753906
0.774193525314331, 0.000000000000000, 91.232734680175781, 91.084846496582031
0.774193525314331, 0.064516127109528, 91.245857238769531, 91.084846496582031
0.774193525314331, 0.129032254219055, 91.203292846679688, 91.084846496582031
0.774193525314331, 0.193548381328583, 91.167472839355469, 91.084846496582031
0.774193525314331, 0.258064508438110, 91.141174316406250, 91.084846496582031
0.774193525314331, 0.322580635547638, 91.120346069335938, 91.084846496582031
0.774193525314331, 0.387096762657166, 91.107177734375000, 91.084846496582031
0.774193525314331, 0.451612889766693, 91.097358703613281, 91.084846496582031
0.774193525314331, 0.516129016876221, 91.092163085937500, 91.084846496582031
0.774193525314331, 0.580645143985748, 91.088569641113281, 91.084846496582031
0.774193525314331, 0.645161271095276, 91.087020874023438, 91.084846496582031
0.774193525314331, 0.709677398204803, 91.086029052734375, 91.084846496582031
0.774193525314331, 0.774193525314331, 91.085685729980469, 91.084846496582031
0.774193525314331, 0.838709652423859, 91.085479736328125, 91.084846496582031
0.774193525314331, 0.903225779533386, 91.085418701171875, 91.084846496582031
0.774193525314331, 0.967741906642914, 91.085388183593750, 91.084846496582031
0.774193525314331, 1.032258033752441, 91.085388183593750, 91.084846496582031
0.774193525314331, 1.096774101257324, 91.085418701171875, 91.084846496582031
0.774193525314331, 1.161290168762207, 91.085479736328125, 91.084846496582031
0.774193525314331, 1.225806236267090, 91.085685729980469, 91.084846496582031
0.774193525314331, 1.290322303771973, 91.086029052734375, 91.084846496582031
0.774193525314331, 1.354838371276855, 91.087020874023438, 91.084846496582031
0.774193525314331, 1.419354438781738, 91.088569641113281, 91.084846496582031
0.774193525314331, 1.483870506286621, 91.092163085937500, 91.084846496582031
0.774193525314331, 1.548386573791504, 91.097358703613281, 91.084846496582031
0.774193525314331, 1.612902641296387, 91.107177734375000, 91.084846496582031
0.774193525314331, 1.677418708801270, 91.120346069335938, 91.084846496582031
0.774193525314331, 1.741934776306152, 91.141174316406250, 91.084846496582031
0.774193525314331, 1.806450843811035, 91.167472839355469, 91.084846496582031
0.774193525314331, 1.870966911315918, 91.203292846679688, 91.084846496582031
0.774193525314331, 1.935482978820801, 91.245857238769531, 91.084846496582031
0.774193525314331, 1.999999046325684, 91.232734680175781, 91.084846496582031
0.838709652423859, 0.000000000000000, 87.374427795410156, 87.244018554687500
0.838709652423859, 0.064516127109528, 87.384658813476562, 87.244018554687500
0.838709652423859, 0.129032254219055, 87.344688415527344, 87.244018554687500
0.838709652423859, 0.193548381328583, 87.313667297363281, 87.244018554687500
0.838709652423859, 0.258064508438110, 87.288093566894531, 87.244018554687500
0.838709652423859, 0.322580635547638, 87.271102905273438, 87.244018554687500
0.838709652423859, 0.387096762657166, 87.257621765136719, 87.244018554687500
0.838709652423859, 0.451612889766693, 87.250106811523438, 87.244018554687500
0.838709652423859, 0.516129016876221, 87.244430541992188, 87.244018554687500
0.838709652423859, 0.580645143985748, 87.241867065429688, 87.244018554687500
0.838709652423859, 0.645161271095276, 87.240028381347656, 87.244018554687500
0.838709652423859, 0.709677398204803, 87.239379882812500, 87.244018554687500
0.838709652423859, 0.774193525314331, 87.238929748535156, 87.244018554687500
0.838709652423859, 0.838709652423859, 87.238807678222656, 87.244018554687500
0.838709652423859, 0.903225779533386, 87.238723754882812, 87.244018554687500
0.838709652423859, 0.967741906642914, 87.238700866699219, 87.244018554687500
0.838709652423859, 1.032258033752441, 87.238700866699219, 87.244018554687500
0.838709652423859, 1.096774101257324, 87.238723754882812, 87.244018554687500
0.838709652423859, 1.161290168762207, 87.238807678222656, 87.244018554687500
0.838709652423859, 1.225806236267090, 87.238929748535156, 87.244018554687500
0.838709652423859, 1.290322303771973, 87.239379882812500, 87.244018554687500
0.838709652423859, 1.354838371276855, 87.240028381347656, 87.244018554687500
0.838709652423859, 1.419354438781738, 87.241867065429688, 87.244018554687500
0.838709652423859, 1.483870506286621, 87.244430541992188, 87.244018554687500
0.838709652423859, 1.548386573791504, 87.250106811523438, 87.244018554687500
0.838709652423859, 1.612902641296387, 87.257621765136719, 87.244018554687500
0.838709652423859, 1.677418708801270, 87.271102905273438, 87.244018554687500
0.838709652423859, 1.741934776306152, 87.288093566894531, 87.244018554687500
0.838709652423859, 1.806450843811035, 87.313667297363281, 87.244018554687500
0.838709652423859, 1.870966911315918, 87.344688415527344, 87.244018554687500
0.838709652423859, 1.935482978820801, 87.384658813476562, 87.244018554687500
0.838709652423859, 1.999999046325684, 87.374427795410156, 87.244018554687500
0.903225779533386, 0.000000000000000, 82.770431518554688, 82.680389404296875
0.903225779533386, 0.064516127109528, 82.776344299316406, 82.680389404296875
0.903225779533386, 0.129032254219055, 82.749168395996094, 82.680389404296875
0.903225779533386, 0.193548381328583, 82.725738525390625, 82.680389404296875
0.903225779533386, 0.258064508438110, 82.709640502929688, 82.680389404296875
0.903225779533386, 0.322580635547638, 82.695861816406250, 82.680389404296875
0.903225779533386, 0.387096762657166, 82.688117980957031, 82.680389404296875
0.903225779533386, 0.451612889766693, 82.681465148925781, 82.680389404296875
0.903225779533386, 0.516129016876221, 82.678535461425781, 82.680389404296875
0.903225779533386, 0.580645143985748, 82.676017761230469, 82.680389404296875
0.903225779533386, 0.645161271095276, 82.675186157226562, 82.680389404296875
0.903225779533386, 0.709677398204803, 82.674453735351562, 82.680389404296875
0.903225779533386, 0.774193525314331, 82.674285888671875, 82.680389404296875
0.903225779533386, 0.838709652423859, 82.674125671386719, 82.680389404296875
0.903225779533386, 0.903225779533386, 82.674095153808594, 82.680389404296875
0.903225779533386, 0.967741906642914, 82.674072265625000, 82.680389404296875
0.903225779533386, 1.032258033752441, 82.674072265625000, 82.680389404296875
0.903225779533386, 1.096774101257324, 82.674095153808594, 82.680389404296875
0.903225779533386, 1.161290168762207, 82.674125671386719, 82.680389404296875
0.903225779533386, 1.225806236267090, 82.674285888671875, 82.680389404296875
0.903225779533386, 1.290322303771973, 82.674453735351562, 82.680389404296875
0.903225779533386, 1.354838371276855, 82.675186157226562, 82.680389404296875
0.903225779533386, 1.419354438781738, 82.676017761230469, 82.680389404296875
0.903225779533386, 1.483870506286621, 82.678535461425781, 82.680389404296875
0.903225779533386, 1.548386573791504, 82.681465148925781, 82.680389404296875
0.903225779533386, 1.612902641296387, 82.688117980957031, 82.680389404296875
0.903225779533386, 1.677418708801270, 82.695861816406250, 82.680389404296875
0.903225779533386, 1.741934776306152, 82.709640502929688, 82.680389404296875
0.903225779533386, 1.806450843811035, 82.725738525390625, 82.680389404296875
0.903225779533386, 1.870966911315918, 82.749168395996094, 82.680389404296875
0.903225779533386, 1.935482978820801, 82.776344299316406, 82.680389404296875
0.903225779533386, 1.999999046325684, 82.770431518554688, 82.680389404296875
0.967741906642914, 0.000000000000000, 77.651527404785156, 77.619323730468750
0.967741906642914, 0.064516127109528, 77.653831481933594, 77.619323730468750
0.967741906642914, 0.129032254219055, 77.643058776855469, 77.619323730468750
0.967741906642914, 0.193548381328583, 77.635993957519531, 77.619323730468750
0.967741906642914, 0.258064508438110, 77.628562927246094, 77.619323730468750
0.967741906642914, 0.322580635547638, 77.625244140625000, 77.619323730468750
0.967741906642914, 0.387096762657166, 77.620964050292969, 77.619323730468750
0.967741906642914, 0.451612889766693, 77.619796752929688, 77.619323730468750
0.967741906642914, 0.516129016876221, 77.617820739746094, 77.619323730468750
0.967741906642914, 0.580645143985748, 77.617553710937500, 77.619323730468750
0.967741906642914, 0.645161271095276, 77.616844177246094, 77.619323730468750
0.967741906642914, 0.709677398204803, 77.616821289062500, 77.619323730468750
0.967741906642914, 0.774193525314331, 77.616622924804688, 77.619323730468750
0.967741906642914, 0.838709652423859, 77.616638183593750, 77.619323730468750
0.967741906642914, 0.903225779533386, 77.616592407226562, 77.619323730468750
0.967741906642914, 0.967741906642914, 77.616600036621094, 77.619323730468750
0.967741906642914, 1.032258033752441, 77.616600036621094, 77.619323730468750
0.967741906642914, 1.096774101257324, 77.616592407226562, 77.619323730468750
0.967741906642914, 1.161290168762207, 77.616638183593750, 77.619323730468750
0.967741906642914, 1.225806236267090, 77.616622924804688, 77.619323730468750
0.967741906642914, 1.290322303771973, 77.616821289062500, 77.619323730468750
0.967741906642914, 1.354838371276855, 77.616844177246094, 77.619323730468750
0.967741906642914, 1.419354438781738, 77.617553710937500, 77.619323730468750
0.967741906642914, 1.483870506286621, 77.617820739746094, 77.619323730468750
0.967741906642914, 1.548386573791504, 77.619796752929688, 77.619323730468750
0.967741906642914, 1.612902641296387, 77.620964050292969, 77.619323730468750
0.967741906642914, 1.677418708801270, 77.625244140625000, 77.619323730468750
0.967741906642914, 1.741934776306152, 77.628562927246094, 77.619323730468750
0.967741906642914, 1.806450843811035, 77.635993957519531, 77.619323730468750
0.967741906642914, 1.870966911315918, 77.643058776855469, 77.619323730468750
0.967741906642914, 1.935482978820801, 77.653831481933594, 77.619323730468750
0.967741906642914, 1.999999046325684, 77.651527404785156, 77.619323730468750
1.032258033752441, 0.000000000000000, 72.348480224609375, 72.380683898925781
1.032258033752441, 0.064516127109528, 72.346176147460938, 72.380683898925781
1.032258033752441, 0.129032254219055, 72.356941223144531, 72.380683898925781
1.032258033752441, 0.193548381328583, 72.364013671875000, 72.380683898925781
1.032258033752441, 0.258064508438110, 72.371437072753906, 72.380683898925781
1.032258033752441, 0.322580635547638, 72.374755859375000, 72.380683898925781
1.032258033752441, 0.387096762657166, 72.379028320312500, 72.380683898925781
1.032258033752441, 0.451612889766693, 72.380203247070312, 72.380683898925781
1.032258033752441, 0.516129016876221, 72.382179260253906, 72.380683898925781
1.032258033752441, 0.580645143985748, 72.382446289062500, 72.380683898925781
1.032258033752441, 0.645161271095276, 72.383155822753906, 72.380683898925781
1.032258033752441, 0.709677398204803, 72.383178710937500, 72.380683898925781
1.032258033752441, 0.774193525314331, 72.383377075195312, 72.380683898925781
1.032258033752441, 0.838709652423859, 72.383361816406250, 72.380683898925781
1.032258033752441, 0.903225779533386, 72.383407592773438, 72.380683898925781
1.032258033752441, 0.967741906642914, 72.383399963378906, 72.380683898925781
1.032258033752441, 1.032258033752441, 72.383399963378906, 72.380683898925781
1.032258033752441, 1.096774101257324, 72.383407592773438, 72.380683898925781
1.032258033752441, 1.161290168762207, 72.383361816406250, 72.380683898925781
1.032258033752441, 1.225806236267090, 72.383377075195312, 72.380683898925781
1.032258033752441, 1.290322303771973, 72.383178710937500, 72.380683898925781
1.032258033752441, 1.354838371276855, 72.383155822753906, 72.380683898925781
1.032258033752441, 1.419354438781738, 72.382446289062500, 72.380683898925781
1.032258033752441, 1.483870506286621, 72.382179260253906, 72.380683898925781
1.032258033752441, 1.548386573791504, 72.380203247070312, 72.380683898925781
1.032258033752441, 1.612902641296387, 72.379028320312500, 72.380683898925781
1.032258033752441, 1.677418708801270, 72.374755859375000, 72.380683898925781
1.032258033752441, 1.741934776306152, 72.371437072753906, 72.380683898925781
1.032258033752441, 1.806450843811035, 72.364013671875000, 72.380683898925781
1.032258033752441, 1.870966911315918, 72.356941223144531, 72.380683898925781
1.032258033752441, 1.935482978820801, 72.346176147460938, 72.380683898925781
1.032258033752441, 1.999999046325684, 72.348480224609375, 72.380683898925781
1.096774101257324, 0.000000000000000, 67.229576110839844, 67.319618225097656
1.096774101257324, 0.064516127109528, 67.223663330078125, 67.319618225097656
1.096774101257324, 0.129032254219055, 67.250839233398438, 67.319618225097656
1.096774101257324, 0.193548381328583, 67.274269104003906, 67.319618225097656
1.096774101257324, 0.258064508438110, 67.290367126464844, 67.319618225097656
1.096774101257324, 0.322580635547638, 67.304138183593750, 67.319618225097656
1.096774101257324, 0.387096762657166, 67.311889648437500, 67.319618225097656
1.096774101257324, 0.451612889766693, 67.318527221679688, 67.319618225097656
1.096774101257324, 0.516129016876221, 67.321464538574219, 67.319618225097656
1.096774101257324, 0.580645143985748, 67.323982238769531, 67.319618225097656
1.096774101257324, 0.645161271095276, 67.324813842773438, 67.319618225097656
1.096774101257324, 0.709677398204803, 67.325546264648438, 67.319618225097656
1.096774101257324, 0.774193525314331, 67.325714111328125, 67.319618225097656
1.096774101257324, 0.838709652423859, 67.325881958007812, 67.319618225097656
1.096774101257324, 0.903225779533386, 67.325904846191406, 67.319618225097656
1.096774101257324, 0.967741906642914, 67.325927734375000, 67.319618225097656
1.096774101257324, 1.032258033752441, 67.325927734375000, 67.319618225097656
1.096774101257324, 1.096774101257324, 67.325904846191406, 67.319618225097656
1.096774101257324, 1.161290168762207, 67.325881958007812, 67.319618225097656
1.096774101257324, 1.225806236267090, 67.325714111328125, 67.319618225097656
1.096774101257324, 1.290322303771973, 67.325546264648438, 67.319618225097656
1.096774101257324, 1.354838371276855, 67.324813842773438, 67.319618225097656
1.096774101257324, 1.419354438781738, 67.323982238769531, 67.319618225097656
1.096774101257324, 1.483870506286621, 67.321464538574219, 67.319618225097656
1.096774101257324, 1.548386573791504, 67.318527221679688, 67.319618225097656
1.096774101257324, 1.612902641296387, 67.311889648437500, 67.319618225097656
1.096774101257324, 1.677418708801270, 67.304138183593750, 67.319618225097656
1.096774101257324, 1.741934776306152, 67.290367126464844, 67.319618225097656
1.096774101257324, 1.806450843811035, 67.274269104003906, 67.319618225097656
1.096774101257324, 1.870966911315918, 67.250839233398438, 67.319618225097656
1.096774101257324, 1.935482978820801, 67.223663330078125, 67.319618225097656
1.096774101257324, 1.999999046325684, 67.229576110839844, 67.319618225097656
1.161290168762207, 0.000000000000000, 62.625583648681641, 62.755992889404297
1.161290168762207, 0.064516127109528, 62.615352630615234, 62.755992889404297
1.161290168762207, 0.129032254219055, 62.655315399169922, 62.755992889404297
1.161290168762207, 0.193548381328583, 62.686336517333984, 62.755992889404297
1.161290168762207, 0.258064508438110, 62.711910247802734, 62.755992889404297
1.161290168762207, 0.322580635547638, 62.728900909423828, 62.755992889404297
1.161290168762207, 0.387096762657166, 62.742382049560547, 62.755992889404297
1.161290168762207, 0.451612889766693, 62.749893188476562, 62.755992889404297
1.161290168762207, 0.516129016876221, 62.755573272705078, 62.755992889404297
1.161290168762207, 0.580645143985748, 62.758129119873047, 62.755992889404297
1.161290168762207, 0.645161271095276, 62.759971618652344, 62.755992889404297
1.161290168762207, 0.709677398204803, 62.760620117187500, 62.755992889404297
1.161290168762207, 0.774193525314331, 62.761074066162109, 62.755992889404297
1.161290168762207, 0.838709652423859, 62.761192321777344, 62.755992889404297
1.161290168762207, 0.903225779533386, 62.761276245117188, 62.755992889404297
1.161290168762207, 0.967741906642914, 62.761291503906250, 62.755992889404297
1.161290168762207, 1.032258033752441, 62.761291503906250, 62.755992889404297
1.161290168762207, 1.096774101257324, 62.761276245117188, 62.755992889404297
1.161290168762207, 1.161290168762207, 62.761192321777344, 62.755992889404297
1.161290168762207, 1.225806236267090, 62.761074066162109, 62.755992889404297
1.161290168762207, 1.290322303771973, 62.760620117187500, 62.755992889404297
1.161290168762207, 1.354838371276855, 62.759971618652344, 62.755992889404297
1.161290168762207, 1.419354438781738, 62.758129119873047, 62.755992889404297
1.161290168762207, 1.483870506286621, 62.755573272705078, 62.755992889404297
1.161290168762207, 1.548386573791504, 62.749893188476562, 62.755992889404297
1.161290168762207, 1.612902641296387, 62.742382049560547, 62.755992889404297
1.161290168762207, 1.677418708801270, 62.728900909423828, 62.755992889404297
1.161290168762207, 1.741934776306152, 62.711910247802734, 62.755992889404297
1.161290168762207, 1.806450843811035, 62.686336517333984, 62.755992889404297
1.161290168762207, 1.870966911315918, 62.655315399169922, 62.755992889404297
1.161290168762207, 1.935482978820801, 62.615352630615234, 62.755992889404297
1.161290168762207, 1.999999046325684, 62.625583648681641, 62.755992889404297
1.225806236267090, 0.000000000000000, 58.767280578613281, 58.915168762207031
1.225806236267090, 0.064516127109528, 58.754154205322266, 58.915168762207031
1.225806236267090, 0.129032254219055, 58.796710968017578, 58.915168762207031
1.225806236267090, 0.193548381328583, 58.832534790039062, 58.915168762207031
1.225806236267090, 0.258064508438110, 58.858833312988281, 58.915168762207031
1.225806236267090, 0.322580635547638, 58.879657745361328, 58.915168762207031
1.225806236267090, 0.387096762657166, 58.892829895019531, 58.915168762207031
1.225806236267090, 0.451612889766693, 58.902641296386719, 58.915168762207031
1.225806236267090, 0.516129016876221, 58.907840728759766, 58.915168762207031
1.225806236267090, 0.580645143985748, 58.911430358886719, 58.915168762207031
1.225806236267090, 0.645161271095276, 58.912979125976562, 58.915168762207031
1.225806236267090, 0.709677398204803, 58.913974761962891, 58.915168762207031
1.225806236267090, 0.774193525314331, 58.914318084716797, 58.915168762207031
1.225806236267090, 0.838709652423859, 58.914524078369141, 58.915168762207031
1.225806236267090, 0.903225779533386, 58.914581298828125, 58.915168762207031
1.225806236267090, 0.967741906642914, 58.914608001708984, 58.915168762207031
1.225806236267090, 1.032258033752441, 58.914608001708984, 58.915168762207031
1.225806236267090, 1.096774101257324, 58.914581298828125, 58.915168762207031
1.225806236267090, 1.161290168762207, 58.914524078369141, 58.915168762207031
1.225806236267090, 1.225806236267090, 58.914318084716797, 58.915168762207031
1.225806236267090, 1.290322303771973, 58.913974761962891, 58.915168762207031
1.225806236267090, 1.354838371276855, 58.912979125976562, 58.915168762207031
1.225806236267090, 1.419354438781738, 58.911430358886719, 58.915168762207031
1.225806236267090, 1.483870506286621, 58.907840728759766, 58.915168762207031
1.225806236267090, 1.548386573791504, 58.902641296386719, 58.915168762207031
1.225806236267090, 1.612902641296387, 58.892829895019531, 58.915168762207031
1.225806236267090, 1.677418708801270, 58.879657745361328, 58.915168762207031
1.225806236267090, 1.741934776306152, 58.858833312988281, 58.915168762207031
1.225806236267090, 1.806450843811035, 58.832534790039062, 58.915168762207031
1.225806236267090, 1.870966911315918, 58.796710968017578, 58.915168762207031
1.225806236267090, 1.935482978820801, 58.754154205322266, 58.915168762207031
1.225806236267090, 1.999999046325684, 58.767280578613281, 58.915168762207031
1.290322303771973, 0.000000000000000, 55.754531860351562, 55.898105621337891
1.290322303771973, 0.064516127109528, 55.738945007324219, 55.898105621337891
1.290322303771973, 0.129032254219055, 55.779037475585938, 55.898105621337891
1.290322303771973, 0.193548381328583, 55.811138153076172, 55.898105621337891
1.290322303771973, 0.258064508438110, 55.837242126464844, 55.898105621337891
1.290322303771973, 0.322580635547638, 55.855354309082031, 55.898105621337891
1.290322303771973, 0.387096762657166, 55.869102478027344, 55.898105621337891
1.290322303771973, 0.451612889766693, 55.877269744873047, 55.898105621337891
1.290322303771973, 0.516129016876221, 55.882972717285156, 55.898105621337891
1.290322303771973, 0.580645143985748, 55.885787963867188, 55.898105621337891
1.290322303771973, 0.645161271095276, 55.887588500976562, 55.898105621337891
1.290322303771973, 0.709677398204803, 55.888309478759766, 55.898105621337891
1.290322303771973, 0.774193525314331, 55.888732910156250, 55.898105621337891
1.290322303771973, 0.838709652423859, 55.888870239257812, 55.898105621337891
1.290322303771973, 0.903225779533386, 55.888942718505859, 55.898105621337891
1.290322303771973, 0.967741906642914, 55.888961791992188, 55.898105621337891
1.290322303771973, 1.032258033752441, 55.888961791992188, 55.898105621337891
1.290322303771973, 1.096774101257324, 55.888942718505859, 55.898105621337891
1.290322303771973, 1.161290168762207, 55.888870239257812, 55.898105621337891
1.290322303771973, 1.225806236267090, 55.888732910156250, 55.898105621337891
1.290322303771973, 1.290322303771973, 55.888309478759766, 55.898105621337891
1.290322303771973, 1.354838371276855, 55.887588500976562, 55.898105621337891
1.290322303771973, 1.419354438781738, 55.885787963867188, 55.898105621337891
1.290322303771973, 1.483870506286621, 55.882972717285156, 55.898105621337891
1.290322303771973, 1.548386573791504, 55.877269744873047, 55.898105621337891
1.290322303771973, 1.612902641296387, 55.869102478027344, 55.898105621337891
1.290322303771973, 1.677418708801270, 55.855354309082031, 55.898105621337891
1.290322303771973, 1.741934776306152, 55.837242126464844, 55.898105621337891
1.290322303771973, 1.806450843811035, 55.811138153076172, 55.898105621337891
1.290322303771973, 1.870966911315918, 55.779037475585938, 55.898105621337891
1.290322303771973, 1.935482978820801, 55.738945007324219, 55.898105621337891
1.290322303771973, 1.999999046325684, 55.754531860351562, 55.898105621337891
1.354838371276855, 0.000000000000000, 53.562564849853516, 53.686080932617188
1.354838371276855, 0.064516127109528, 53.546619415283203, 53.686080932617188
1.354838371276855, 0.129032254219055, 53.578208923339844, 53.686080932617188
1.354838371276855, 0.193548381328583, 53.605220794677734, 53.686080932617188
1.354838371276855, 0.258064508438110, 53.625598907470703, 53.686080932617188
1.354838371276855, 0.322580635547638, 53.641601562500000, 53.686080932617188
1.354838371276855, 0.387096762657166, 53.652038574218750, 53.686080932617188
1.354838371276855, 0.451612889766693, 53.659568786621094, 53.686080932617188
1.354838371276855, 0.516129016876221, 53.663715362548828, 53.686080932617188
1.354838371276855, 0.580645143985748, 53.666423797607422, 53.686080932617188
1.354838371276855, 0.645161271095276, 53.667652130126953, 53.686080932617188
1.354838371276855, 0.709677398204803, 53.668380737304688, 53.686080932617188
1.354838371276855, 0.774193525314331, 53.668643951416016, 53.686080932617188
1.354838371276855, 0.838709652423859, 53.668788909912109, 53.686080932617188
1.354838371276855, 0.903225779533386, 53.668830871582031, 53.686080932617188
1.354838371276855, 0.967741906642914, 53.668849945068359, 53.686080932617188
1.354838371276855, 1.032258033752441, 53.668849945068359, 53.686080932617188
1.354838371276855, 1.096774101257324, 53.668830871582031, 53.686080932617188
1.354838371276855, 1.161290168762207, 53.668788909912109, 53.686080932617188
1.354838371276855, 1.225806236267090, 53.668643951416016, 53.686080932617188
1.354838371276855, 1.290322303771973, 53.668380737304688, 53.686080932617188
1.354838371276855, 1.354838371276855, 53.667652130126953, 53.686080932617188
1.354838371276855, 1.419354438781738, 53.666423797607422, 53.686080932617188
1.354838371276855, 1.483870506286621, 53.663715362548828, 53.686080932617188
1.354838371276855, 1.548386573791504, 53.659568786621094, 53.686080932617188
1.354838371276855, 1.612902641296387, 53.652038574218750, 53.686080932617188
1.354838371276855, 1.677418708801270, 53.641601562500000, 53.686080932617188
1.354838371276855, 1.741934776306152, 53.625598907470703, 53.686080932617188
1.354838371276855, 1.806450843811035, 53.605220794677734, 53.686080932617188
1.354838371276855, 1.870966911315918, 53.578208923339844, 53.686080932617188
1.354838371276855, 1.935482978820801, 53.546619415283203, 53.686080932617188
1.354838371276855, 1.999999046325684, 53.562564849853516, 53.686080932617188
1.419354438781738, 0.000000000000000, 52.076602935791016, 52.172382354736328
1.419354438781738, 0.064516127109528, 52.061477661132812, 52.172382354736328
1.419354438781738, 0.129032254219055, 52.084255218505859, 52.172382354736328
1.419354438781738, 0.193548381328583, 52.103134155273438, 52.172382354736328
1.419354438781738, 0.258064508438110, 52.118717193603516, 52.172382354736328
1.419354438781738, 0.322580635547638, 52.129776000976562, 52.172382354736328
1.419354438781738, 0.387096762657166, 52.138118743896484, 52.172382354736328
1.419354438781738, 0.451612889766693, 52.143169403076172, 52.172382354736328
1.419354438781738, 0.516129016876221, 52.146606445312500, 52.172382354736328
1.419354438781738, 0.580645143985748, 52.148334503173828, 52.172382354736328
1.419354438781738, 0.645161271095276, 52.149391174316406, 52.172382354736328
1.419354438781738, 0.709677398204803, 52.149822235107422, 52.172382354736328
1.419354438781738, 0.774193525314331, 52.150062561035156, 52.172382354736328
1.419354438781738, 0.838709652423859, 52.150138854980469, 52.172382354736328
1.419354438781738, 0.903225779533386, 52.150180816650391, 52.172382354736328
1.419354438781738, 0.967741906642914, 52.150192260742188, 52.172382354736328
1.419354438781738, 1.032258033752441, 52.150192260742188, 52.172382354736328
1.419354438781738, 1.096774101257324, 52.150180816650391, 52.172382354736328
1.419354438781738, 1.161290168762207, 52.150138854980469, 52.172382354736328
1.419354438781738, 1.225806236267090, 52.150062561035156, 52.172382354736328
1.419354438781738, 1.290322303771973, 52.149822235107422, 52.172382354736328
1.419354438781738, 1.354838371276855, 52.149391174316406, 52.172382354736328
1.419354438781738, 1.419354438781738, 52.148334503173828, 52.172382354736328
1.419354438781738, 1.483870506286621, 52.146606445312500, 52.172382354736328
1.419354438781738, 1.548386573791504, 52.143169403076172, 52.172382354736328
1.419354438781738, 1.612902641296387, 52.138118743896484, 52.172382354736328
1.419354438781738, 1.677418708801270, 52.129776000976562, 52.172382354736328
1.419354438781738, 1.741934776306152, 52.118717193603516, 52.172382354736328
1.419354438781738, 1.806450843811035, 52.103134155273438, 52.172382354736328
1.419354438781738, 1.870966911315918, 52.084255218505859, 52.172382354736328
1.419354438781738, 1.935482978820801, 52.061477661132812, 52.172382354736328
1.419354438781738, 1.999999046325684, 52.076602935791016, 52.172382354736328
1.483870506286621, 0.000000000000000, 51.137992858886719, 51.205589294433594
1.483870506286621, 0.064516127109528, 51.125232696533203, 51.205589294433594
1.483870506286621, 0.129032254219055, 51.139244079589844, 51.205589294433594
1.483870506286621, 0.193548381328583, 51.151771545410156, 51.205589294433594
1.483870506286621, 0.258064508438110, 51.161510467529297, 51.205589294433594
1.483870506286621, 0.322580635547638, 51.169265747070312, 51.205589294433594
1.483870506286621, 0.387096762657166, 51.174400329589844, 51.205589294433594
1.483870506286621, 0.451612889766693, 51.178081512451172, 51.205589294433594
1.483870506286621, 0.516129016876221, 51.180122375488281, 51.205589294433594
1.483870506286621, 0.580645143985748, 51.181423187255859, 51.205589294433594
1.483870506286621, 0.645161271095276, 51.182014465332031, 51.205589294433594
1.483870506286621, 0.709677398204803, 51.182350158691406, 51.205589294433594
1.483870506286621, 0.774193525314331, 51.182472229003906, 51.205589294433594
1.483870506286621, 0.838709652423859, 51.182537078857422, 51.205589294433594
1.483870506286621, 0.903225779533386, 51.182556152343750, 51.205589294433594
1.483870506286621, 0.967741906642914, 51.182563781738281, 51.205589294433594
1.483870506286621, 1.032258033752441, 51.182563781738281, 51.205589294433594
1.483870506286621, 1.096774101257324, 51.182556152343750, 51.205589294433594
1.483870506286621, 1.161290168762207, 51.182537078857422, 51.205589294433594
1.483870506286621, 1.225806236267090, 51.182472229003906, 51.205589294433594
1.483870506286621, 1.290322303771973, 51.182350158691406, 51.205589294433594
1.483870506286621, 1.354838371276855, 51.182014465332031, 51.205589294433594
1.483870506286621, 1.419354438781738, 51.181423187255859, 51.205589294433594
1.483870506286621, 1.483870506286621, 51.180122375488281, 51.205589294433594
1.483870506286621, 1.548386573791504, 51.178081512451172, 51.205589294433594
1.483870506286621, 1.612902641296387, 51.174400329589844, 51.205589294433594
1.483870506286621, 1.677418708801270, 51.169265747070312, 51.205589294433594
1.483870506286621, 1.741934776306152, 51.161510467529297, 51.205589294433594
1.483870506286621, 1.806450843811035, 51.151771545410156, 51.205589294433594
1.483870506286621, 1.870966911315918, 51.139244079589844, 51.205589294433594
1.483870506286621, 1.935482978820801, 51.125232696533203, 51.205589294433594
1.483870506286621, 1.999999046325684, 51.137992858886719, 51.205589294433594
1.548386573791504, 0.000000000000000, 50.585575103759766, 50.629257202148438
1.548386573791504, 0.064516127109528, 50.575637817382812, 50.629257202148438
1.548386573791504, 0.129032254219055, 50.583526611328125, 50.629257202148438
1.548386573791504, 0.193548381328583, 50.590476989746094, 50.629257202148438
1.548386573791504, 0.258064508438110, 50.596462249755859, 50.629257202148438
1.548386573791504, 0.322580635547638, 50.600807189941406, 50.629257202148438
1.548386573791504, 0.387096762657166, 50.604122161865234, 50.629257202148438
1.548386573791504, 0.451612889766693, 50.606140136718750, 50.629257202148438
1.548386573791504, 0.516129016876221, 50.607501983642578, 50.629257202148438
1.548386573791504, 0.580645143985748, 50.608180999755859, 50.629257202148438
1.548386573791504, 0.645161271095276, 50.608585357666016, 50.629257202148438
1.548386573791504, 0.709677398204803, 50.608749389648438, 50.629257202148438
1.548386573791504, 0.774193525314331, 50.608833312988281, 50.629257202148438
1.548386573791504, 0.838709652423859, 50.608863830566406, 50.629257202148438
1.548386573791504, 0.903225779533386, 50.608875274658203, 50.629257202148438
1.548386573791504, 0.967741906642914, 50.608879089355469, 50.629257202148438
1.548386573791504, 1.032258033752441, 50.608879089355469, 50.629257202148438
1.548386573791504, 1.096774101257324, 50.608875274658203, 50.629257202148438
1.548386573791504, 1.161290168762207, 50.608863830566406, 50.629257202148438
1.548386573791504, 1.225806236267090, 50.608833312988281, 50.629257202148438
1.548386573791504, 1.290322303771973, 50.608749389648438, 50.629257202148438
1.548386573791504, 1.354838371276855, 50.608585357666016, 50.629257202148438
1.548386573791504, 1.419354438781738, 50.608180999755859, 50.629257202148438
1.548386573791504, 1.483870506286621, 50.607501983642578, 50.629257202148438
1.548386573791504, 1.548386573791504, 50.606140136718750, 50.629257202148438
1.548386573791504, 1.612902641296387, 50.604122161865234, 50.629257202148438
1.548386573791504, 1.677418708801270, 50.600807189941406, 50.629257202148438
1.548386573791504, 1.741934776306152, 50.596462249755859, 50.629257202148438
1.548386573791504, 1.806450843811035, 50.590476989746094, 50.629257202148438
1.548386573791504, 1.870966911315918, 50.583526611328125, 50.629257202148438
1.548386573791504, 1.935482978820801, 50.575637817382812, 50.629257202148438
1.548386573791504, 1.999999046325684, 50.585575103759766, 50.629257202148438
1.612902641296387, 0.000000000000000, 50.282642364501953, 50.308589935302734
1.612902641296387, 0.064516127109528, 50.275669097900391, 50.308589935302734
1.612902641296387, 0.129032254219055, 50.279361724853516, 50.308589935302734
1.612902641296387, 0.193548381328583, 50.283027648925781, 50.308589935302734
1.612902641296387, 0.258064508438110, 50.286022186279297, 50.308589935302734
1.612902641296387, 0.322580635547638, 50.288501739501953, 50.308589935302734
1.612902641296387, 0.387096762657166, 50.290164947509766, 50.308589935302734
1.612902641296387, 0.451612889766693, 50.291366577148438, 50.308589935302734
1.612902641296387, 0.516129016876221, 50.292026519775391, 50.308589935302734
1.612902641296387, 0.580645143985748, 50.292442321777344, 50.308589935302734
1.612902641296387, 0.645161271095276, 50.292625427246094, 50.308589935302734
1.612902641296387, 0.709677398204803, 50.292724609375000, 50.308589935302734
1.612902641296387, 0.774193525314331, 50.292758941650391, 50.308589935302734
1.612902641296387, 0.838709652423859, 50.292778015136719, 50.308589935302734
1.612902641296387, 0.903225779533386, 50.292785644531250, 50.308589935302734
1.612902641296387, 0.967741906642914, 50.292785644531250, 50.308589935302734
1.612902641296387, 1.032258033752441, 50.292785644531250, 50.308589935302734
1.612902641296387, 1.096774101257324, 50.292785644531250, 50.308589935302734
1.612902641296387, 1.161290168762207, 50.292778015136719, 50.308589935302734
1.612902641296387, 1.225806236267090, 50.292758941650391, 50.308589935302734
1.612902641296387, 1.290322303771973, 50.292724609375000, 50.308589935302734
1.612902641296387, 1.354838371276855, 50.292625427246094, 50.308589935302734
1.612902641296387, 1.419354438781738, 50.292442321777344, 50.308589935302734
1.612902641296387, 1.483870506286621, 50.292026519775391, 50.308589935302734
1.612902641296387, 1.548386573791504, 50.291366577148438, 50.308589935302734
1.612902641296387, 1.612902641296387, 50.290164947509766, 50.308589935302734
1.612902641296387, 1.677418708801270, 50.288501739501953, 50.308589935302734
1.612902641296387, 1.741934776306152, 50.286022186279297, 50.308589935302734
1.612902641296387, 1.806450843811035, 50.283027648925781, 50.308589935302734
1.612902641296387, 1.870966911315918, 50.279361724853516, 50.308589935302734
1.612902641296387, 1.935482978820801, 50.275669097900391, 50.308589935302734
1.612902641296387, 1.999999046325684, 50.282642364501953, 50.308589935302734
1.677418708801270, 0.000000000000000, 50.127857208251953, 50.142066955566406
1.677418708801270, 0.064516127109528, 50.123340606689453, 50.142066955566406
1.677418708801270, 0.129032254219055, 50.124866485595703, 50.142066955566406
1.677418708801270, 0.193548381328583, 50.126430511474609, 50.142066955566406
1.677418708801270, 0.258064508438110, 50.127914428710938, 50.142066955566406
1.677418708801270, 0.322580635547638, 50.129032135009766, 50.142066955566406
1.677418708801270, 0.387096762657166, 50.129913330078125, 50.142066955566406
1.677418708801270, 0.451612889766693, 50.130447387695312, 50.142066955566406
1.677418708801270, 0.516129016876221, 50.130809783935547, 50.142066955566406
1.677418708801270, 0.580645143985748, 50.130985260009766, 50.142066955566406
1.677418708801270, 0.645161271095276, 50.131088256835938, 50.142066955566406
1.677418708801270, 0.709677398204803, 50.131126403808594, 50.142066955566406
1.677418708801270, 0.774193525314331, 50.131149291992188, 50.142066955566406
1.677418708801270, 0.838709652423859, 50.131153106689453, 50.142066955566406
1.677418708801270, 0.903225779533386, 50.131156921386719, 50.142066955566406
1.677418708801270, 0.967741906642914, 50.131156921386719, 50.142066955566406
1.677418708801270, 1.032258033752441, 50.131156921386719, 50.142066955566406
1.677418708801270, 1.096774101257324, 50.131156921386719, 50.142066955566406
1.677418708801270, 1.161290168762207, 50.131153106689453, 50.142066955566406
1.677418708801270, 1.225806236267090, 50.131149291992188, 50.142066955566406
1.677418708801270, 1.290322303771973, 50.131126403808594, 50.142066955566406
1.677418708801270, 1.354838371276855, 50.131088256835938, 50.142066955566406
1.677418708801270, 1.419354438781738, 50.130985260009766, 50.142066955566406
1.677418708801270, 1.483870506286621, 50.130809783935547, 50.142066955566406
1.677418708801270, 1.548386573791504, 50.130447387695312, 50.142066955566406
1.677418708801270, 1.612902641296387, 50.129913330078125, 50.142066955566406
1.677418708801270, 1.677418708801270, 50.129032135009766, 50.142066955566406
1.677418708801270, 1.741934776306152, 50.127914428710938, 50.142066955566406
1.677418708801270, 1.806450843811035, 50.126430511474609, 50.142066955566406
1.677418708801270, 1.870966911315918, 50.124866485595703, 50.142066955566406
1.677418708801270, 1.935482978820801, 50.123340606689453, 50.142066955566406
1.677418708801270, 1.999999046325684, 50.127857208251953, 50.142066955566406
1.741934776306152, 0.000000000000000, 50.054164886474609, 50.061355590820312
1.741934776306152, 0.064516127109528, 50.051509857177734, 50.061355590820312
1.741934776306152, 0.129032254219055, 50.051952362060547, 50.061355590820312
1.741934776306152, 0.193548381328583, 50.052581787109375, 50.061355590820312
1.741934776306152, 0.258064508438110, 50.053153991699219, 50.061355590820312
1.741934776306152, 0.322580635547638, 50.053672790527344, 50.061355590820312
1.741934776306152, 0.387096762657166, 50.054027557373047, 50.061355590820312
1.741934776306152, 0.451612889766693, 50.054290771484375, 50.061355590820312
1.741934776306152, 0.516129016876221, 50.054431915283203, 50.061355590820312
1.741934776306152, 0.580645143985748, 50.054519653320312, 50.061355590820312
1.741934776306152, 0.645161271095276, 50.054557800292969, 50.061355590820312
1.741934776306152, 0.709677398204803, 50.054576873779297, 50.061355590820312
1.741934776306152, 0.774193525314331, 50.054584503173828, 50.061355590820312
1.741934776306152, 0.838709652423859, 50.054588317871094, 50.061355590820312
1.741934776306152, 0.903225779533386, 50.054588317871094, 50.061355590820312
1.741934776306152, 0.967741906642914, 50.054588317871094, 50.061355590820312
1.741934776306152, 1.032258033752441, 50.054588317871094, 50.061355590820312
1.741934776306152, 1.096774101257324, 50.054588317871094, 50.061355590820312
1.741934776306152, 1.161290168762207, 50.054588317871094, 50.061355590820312
1.741934776306152, 1.225806236267090, 50.054584503173828, 50.061355590820312
1.741934776306152, 1.290322303771973, 50.054576873779297, 50.061355590820312
1.741934776306152, 1.354838371276855, 50.054557800292969, 50.061355590820312
1.741934776306152, 1.419354438781738, 50.054519653320312, 50.061355590820312
1.741934776306152, 1.483870506286621, 50.054431915283203, 50.061355590820312
1.741934776306152, 1.548386573791504, 50.054290771484375, 50.061355590820312
1.741934776306152, 1.612902641296387, 50.054027557373047, 50.061355590820312
1.741934776306152, 1.677418708801270, 50.053672790527344, 50.061355590820312
1.741934776306152, 1.741934776306152, 50.053153991699219, 50.061355590820312
1.741934776306152, 1.806450843811035, 50.052581787109375, 50.061355590820312
1.741934776306152, 1.870966911315918, 50.051952362060547, 50.061355590820312
1.741934776306152, 1.935482978820801, 50.051509857177734, 50.061355590820312
1.741934776306152, 1.999999046325684, 50.054164886474609, 50.061355590820312
1.806450843811035, 0.000000000000000, 50.021476745605469, 50.024841308593750
1.806450843811035, 0.064516127109528, 50.020030975341797, 50.024841308593750
1.806450843811035, 0.129032254219055, 50.020095825195312, 50.024841308593750
1.806450843811035, 0.193548381328583, 50.020271301269531, 50.024841308593750
1.806450843811035, 0.258064508438110, 50.020492553710938, 50.024841308593750
1.806450843811035, 0.322580635547638, 50.020671844482422, 50.024841308593750
1.806450843811035, 0.387096762657166, 50.020828247070312, 50.024841308593750
1.806450843811035, 0.451612889766693, 50.020919799804688, 50.024841308593750
1.806450843811035, 0.516129016876221, 50.020984649658203, 50.024841308593750
1.806450843811035, 0.580645143985748, 50.021015167236328, 50.024841308593750
1.806450843811035, 0.645161271095276, 50.021030426025391, 50.024841308593750
1.806450843811035, 0.709677398204803, 50.021034240722656, 50.024841308593750
1.806450843811035, 0.774193525314331, 50.021038055419922, 50.024841308593750
1.806450843811035, 0.838709652423859, 50.021038055419922, 50.024841308593750
1.806450843811035, 0.903225779533386, 50.021038055419922, 50.024841308593750
1.806450843811035, 0.967741906642914, 50.021038055419922, 50.024841308593750
1.806450843811035, 1.032258033752441, 50.021038055419922, 50.024841308593750
1.806450843811035, 1.096774101257324, 50.021038055419922, 50.024841308593750
1.806450843811035, 1.161290168762207, 50.021038055419922, 50.024841308593750
1.806450843811035, 1.225806236267090, 50.021038055419922, 50.024841308593750
1.806450843811035, 1.290322303771973, 50.021034240722656, 50.024841308593750
1.806450843811035, 1.354838371276855, 50.021030426025391, 50.024841308593750
1.806450843811035, 1.419354438781738, 50.021015167236328, 50.024841308593750
1.806450843811035, 1.483870506286621, 50.020984649658203, 50.024841308593750
1.806450843811035, 1.548386573791504, 50.020919799804688, 50.024841308593750
1.806450843811035, 1.612902641296387, 50.020828247070312, 50.024841308593750
1.806450843811035, 1.677418708801270, 50.020671844482422, 50.024841308593750
1.806450843811035, 1.741934776306152, 50.020492553710938, 50.024841308593750
1.806450843811035, 1.806450843811035, 50.020271301269531, 50.024841308593750
1.806450843811035, 1.870966911315918, 50.020095825195312, 50.024841308593750
1.806450843811035, 1.935482978820801, 50.020030975341797, 50.024841308593750
1.806450843811035, 1.999999046325684, 50.021476745605469, 50.024841308593750
1.870966911315918, 0.000000000000000, 50.007965087890625, 50.009422302246094
1.870966911315918, 0.064516127109528, 50.007217407226562, 50.009422302246094
1.870966911315918, 0.129032254219055, 50.007160186767578, 50.009422302246094
1.870966911315918, 0.193548381328583, 50.007198333740234, 50.009422302246094
1.870966911315918, 0.258064508438110, 50.007255554199219, 50.009422302246094
1.870966911315918, 0.322580635547638, 50.007324218750000, 50.009422302246094
1.870966911315918, 0.387096762657166, 50.007369995117188, 50.009422302246094
1.870966911315918, 0.451612889766693, 50.007408142089844, 50.009422302246094
1.870966911315918, 0.516129016876221, 50.007427215576172, 50.009422302246094
1.870966911315918, 0.580645143985748, 50.007442474365234, 50.009422302246094
1.870966911315918, 0.645161271095276, 50.007446289062500, 50.009422302246094
1.870966911315918, 0.709677398204803, 50.007446289062500, 50.009422302246094
1.870966911315918, 0.774193525314331, 50.007446289062500, 50.009422302246094
1.870966911315918, 0.838709652423859, 50.007446289062500, 50.009422302246094
1.870966911315918, 0.903225779533386, 50.007446289062500, 50.009422302246094
1.870966911315918, 0.967741906642914, 50.007446289062500, 50.009422302246094
1.870966911315918, 1.032258033752441, 50.007446289062500, 50.009422302246094
1.870966911315918, 1.096774101257324, 50.007446289062500, 50.009422302246094
1.870966911315918, 1.161290168762207, 50.007446289062500, 50.009422302246094
1.870966911315918, 1.225806236267090, 50.007446289062500, 50.009422302246094
1.870966911315918, 1.290322303771973, 50.007446289062500, 50.009422302246094
1.870966911315918, 1.354838371276855, 50.007446289062500, 50.009422302246094
1.870966911315918, 1.419354438781738, 50.007442474365234, 50.009422302246094
1.870966911315918, 1.483870506286621, 50.007427215576172, 50.009422302246094
1.870966911315918, 1.548386573791504, 50.007408142089844, 50.009422302246094
1.870966911315918, 1.612902641296387, 50.007369995117188, 50.009422302246094
1.870966911315918, 1.677418708801270, 50.007324218750000, 50.009422302246094
1.870966911315918, 1.741934776306152, 50.007255554199219, 50.009422302246094
1.870966911315918, 1.806450843811035, 50.007198333740234, 50.009422302246094
1.870966911315918, 1.870966911315918, 50.007160186767578, 50.009422302246094
1.870966911315918, 1.935482978820801, 50.007217407226562, 50.009422302246094
1.870966911315918, 1.999999046325684, 50.007965087890625, 50.009422302246094
1.935482978820801, 0.000000000000000, 50.002761840820312, 50.003349304199219
1.935482978820801, 0.064516127109528, 50.002265930175781, 50.003349304199219
1.935482978820801, 0.129032254219055, 50.002197265625000, 50.003349304199219
1.935482978820801, 0.193548381328583, 50.002185821533203, 50.003349304199219
1.935482978820801, 0.258064508438110, 50.002201080322266, 50.003349304199219
1.935482978820801, 0.322580635547638, 50.002216339111328, 50.003349304199219
1.935482978820801, 0.387096762657166, 50.002235412597656, 50.003349304199219
1.935482978820801, 0.451612889766693, 50.002243041992188, 50.003349304199219
1.935482978820801, 0.516129016876221, 50.002250671386719, 50.003349304199219
1.935482978820801, 0.580645143985748, 50.002254486083984, 50.003349304199219
1.935482978820801, 0.645161271095276, 50.002254486083984, 50.003349304199219
1.935482978820801, 0.709677398204803, 50.002254486083984, 50.003349304199219
1.935482978820801, 0.774193525314331, 50.002254486083984, 50.003349304199219
1.935482978820801, 0.838709652423859, 50.002254486083984, 50.003349304199219
1.935482978820801, 0.903225779533386, 50.002254486083984, 50.003349304199219
1.935482978820801, 0.967741906642914, 50.002254486083984, 50.003349304199219
1.935482978820801, 1.032258033752441, 50.002254486083984, 50.003349304199219
1.935482978820801, 1.096774101257324, 50.002254486083984, 50.003349304199219
1.935482978820801, 1.161290168762207, 50.002254486083984, 50.003349304199219
1.935482978820801, 1.225806236267090, 50.002254486083984, 50.003349304199219
1.935482978820801, 1.290322303771973, 50.002254486083984, 50.003349304199219
1.935482978820801, 1.354838371276855, 50.002254486083984, 50.003349304199219
1.935482978820801, 1.419354438781738, 50.002254486083984, 50.003349304199219
1.935482978820801, 1.483870506286621, 50.002250671386719, 50.003349304199219
1.935482978820801, 1.548386573791504, 50.002243041992188, 50.003349304199219
1.935482978820801, 1.612902641296387, 50.002235412597656, 50.003349304199219
1.935482978820801, 1.677418708801270, 50.002216339111328, 50.003349304199219
1.935482978820801, 1.741934776306152, 50.002201080322266, 50.003349304199219
1.935482978820801, 1.806450843811035, 50.002185821533203, 50.003349304199219
1.935482978820801, 1.870966911315918, 50.002197265625000, 50.003349304199219
1.935482978820801, 1.935482978820801, 50.002265930175781, 50.003349304199219
1.935482978820801, 1.999999046325684, 50.002761840820312, 50.003349304199219
1.999999046325684, 0.000000000000000, 50.000000000000000, 50.001113891601562
1.999999046325684, 0.064516127109528, 50.000000000000000, 50.001113891601562
1.999999046325684, 0.129032254219055, 50.000000000000000, 50.001113891601562
1.999999046325684, 0.193548381328583, 50.000000000000000, 50.001113891601562
1.999999046325684, 0.258064508438110, 50.000000000000000, 50.001113891601562
1.999999046325684, 0.322580635547638, 50.000000000000000, 50.001113891601562
1.999999046325684, 0.387096762657166, 50.000000000000000, 50.001113891601562
1.999999046325684, 0.451612889766693, 50.000000000000000, 50.001113891601562
1.999999046325684, 0.516129016876221, 50.000000000000000, 50.001113891601562
1.999999046325684, 0.580645143985748, 50.000000000000000, 50.001113891601562
1.999999046325684, 0.645161271095276, 50.000000000000000, 50.001113891601562
1.999999046325684, 0.709677398204803, 50.000000000000000, 50.001113891601562
1.999999046325684, 0.774193525314331, 50.000000000000000, 50.001113891601562
1.999999046325684, 0.838709652423859, 50.000000000000000, 50.001113891601562
1.999999046325684, 0.903225779533386, 50.000000000000000, 50.001113891601562
1.999999046325684, 0.967741906642914, 50.000000000000000, 50.001113891601562
1.999999046325684, 1.032258033752441, 50.000000000000000, 50.001113891601562
1.999999046325684, 1.096774101257324, 50.000000000000000, 50.001113891601562
1.999999046325684, 1.161290168762207, 50.000000000000000, 50.001113891601562
1.999999046325684, 1.225806236267090, 50.000000000000000, 50.001113891601562
1.999999046325684, 1.290322303771973, 50.000000000000000, 50.001113891601562
1.999999046325684, 1.354838371276855, 50.000000000000000, 50.001113891601562
1.999999046325684, 1.419354438781738, 50.000000000000000, 50.001113891601562
1.999999046325684, 1.483870506286621, 50.000000000000000, 50.001113891601562
1.999999046325684, 1.548386573791504, 50.000000000000000, 50.001113891601562
1.999999046325684, 1.612902641296387, 50.000000000000000, 50.001113891601562
1.999999046325684, 1.677418708801270, 50.000000000000000, 50.001113891601562
1.999999046325684, 1.741934776306152, 50.000000000000000, 50.001113891601562
1.999999046325684, 1.806450843811035, 50.000000000000000, 50.001113891601562
1.999999046325684, 1.870966911315918, 50.000000000000000, 50.001113891601562
1.999999046325684, 1.935482978820801, 50.000000000000000, 50.001113891601562
1.999999046325684, 1.999999046325684, 50.000000000000000, 50.001113891601562
