CURRENT TIME : 0.040000
VARIABLES : y - x - T - Te
ZONE T='Only Zone', I= 32, J=32  F=POINT
0.000000000000000, 0.000000000000000, 100.000000000000000, 99.989822387695312
0.000000000000000, 0.064516127109528, 100.000000000000000, 99.989822387695312
0.000000000000000, 0.129032254219055, 100.000000000000000, 99.989822387695312
0.000000000000000, 0.193548381328583, 100.000000000000000, 99.989822387695312
0.000000000000000, 0.258064508438110, 100.000000000000000, 99.989822387695312
0.000000000000000, 0.322580635547638, 100.000000000000000, 99.989822387695312
0.000000000000000, 0.387096762657166, 100.000000000000000, 99.989822387695312
0.000000000000000, 0.451612889766693, 100.000000000000000, 99.989822387695312
0.000000000000000, 0.516129016876221, 100.000000000000000, 99.989822387695312
0.000000000000000, 0.580645143985748, 100.000000000000000, 99.989822387695312
0.000000000000000, 0.645161271095276, 100.000000000000000, 99.989822387695312
0.000000000000000, 0.709677398204803, 100.000000000000000, 99.989822387695312
0.000000000000000, 0.774193525314331, 100.000000000000000, 99.989822387695312
0.000000000000000, 0.838709652423859, 100.000000000000000, 99.989822387695312
0.000000000000000, 0.903225779533386, 100.000000000000000, 99.989822387695312
0.000000000000000, 0.967741906642914, 100.000000000000000, 99.989822387695312
0.000000000000000, 1.032258033752441, 100.000000000000000, 99.989822387695312
0.000000000000000, 1.096774101257324, 100.000000000000000, 99.989822387695312
0.000000000000000, 1.161290168762207, 100.000000000000000, 99.989822387695312
0.000000000000000, 1.225806236267090, 100.000000000000000, 99.989822387695312
0.000000000000000, 1.290322303771973, 100.000000000000000, 99.989822387695312
0.000000000000000, 1.354838371276855, 100.000000000000000, 99.989822387695312
0.000000000000000, 1.419354438781738, 100.000000000000000, 99.989822387695312
0.000000000000000, 1.483870506286621, 100.000000000000000, 99.989822387695312
0.000000000000000, 1.548386573791504, 100.000000000000000, 99.989822387695312
0.000000000000000, 1.612902641296387, 100.000000000000000, 99.989822387695312
0.000000000000000, 1.677418708801270, 100.000000000000000, 99.989822387695312
0.000000000000000, 1.741934776306152, 100.000000000000000, 99.989822387695312
0.000000000000000, 1.806450843811035, 100.000000000000000, 99.989822387695312
0.000000000000000, 1.870966911315918, 100.000000000000000, 99.989822387695312
0.000000000000000, 1.935482978820801, 100.000000000000000, 99.989822387695312
0.000000000000000, 1.999999046325684, 100.000000000000000, 99.989822387695312
0.064516127109528, 0.000000000000000, 99.978904724121094, 99.976463317871094
0.064516127109528, 0.064516127109528, 99.982475280761719, 99.976463317871094
0.064516127109528, 0.129032254219055, 99.983047485351562, 99.976463317871094
0.064516127109528, 0.193548381328583, 99.983100891113281, 99.976463317871094
0.064516127109528, 0.258064508438110, 99.983016967773438, 99.976463317871094
0.064516127109528, 0.322580635547638, 99.982910156250000, 99.976463317871094
0.064516127109528, 0.387096762657166, 99.982810974121094, 99.976463317871094
0.064516127109528, 0.451612889766693, 99.982734680175781, 99.976463317871094
0.064516127109528, 0.516129016876221, 99.982681274414062, 99.976463317871094
0.064516127109528, 0.580645143985748, 99.982643127441406, 99.976463317871094
0.064516127109528, 0.645161271095276, 99.982620239257812, 99.976463317871094
0.064516127109528, 0.709677398204803, 99.982612609863281, 99.976463317871094
0.064516127109528, 0.774193525314331, 99.982604980468750, 99.976463317871094
0.064516127109528, 0.838709652423859, 99.982597351074219, 99.976463317871094
0.064516127109528, 0.903225779533386, 99.982597351074219, 99.976463317871094
0.064516127109528, 0.967741906642914, 99.982597351074219, 99.976463317871094
0.064516127109528, 1.032258033752441, 99.982597351074219, 99.976463317871094
0.064516127109528, 1.096774101257324, 99.982597351074219, 99.976463317871094
0.064516127109528, 1.161290168762207, 99.982597351074219, 99.976463317871094
0.064516127109528, 1.225806236267090, 99.982604980468750, 99.976463317871094
0.064516127109528, 1.290322303771973, 99.982612609863281, 99.976463317871094
0.064516127109528, 1.354838371276855, 99.982620239257812, 99.976463317871094
0.064516127109528, 1.419354438781738, 99.982643127441406, 99.976463317871094
0.064516127109528, 1.483870506286621, 99.982681274414062, 99.976463317871094
0.064516127109528, 1.548386573791504, 99.982734680175781, 99.976463317871094
0.064516127109528, 1.612902641296387, 99.982810974121094, 99.976463317871094
0.064516127109528, 1.677418708801270, 99.982910156250000, 99.976463317871094
0.064516127109528, 1.741934776306152, 99.983016967773438, 99.976463317871094
0.064516127109528, 1.806450843811035, 99.983100891113281, 99.976463317871094
0.064516127109528, 1.870966911315918, 99.983047485351562, 99.976463317871094
0.064516127109528, 1.935482978820801, 99.982475280761719, 99.976463317871094
0.064516127109528, 1.999999046325684, 99.978904724121094, 99.976463317871094
0.129032254219055, 0.000000000000000, 99.952873229980469, 99.948135375976562
0.129032254219055, 0.064516127109528, 99.955482482910156, 99.948135375976562
0.129032254219055, 0.129032254219055, 99.955589294433594, 99.948135375976562
0.129032254219055, 0.193548381328583, 99.955383300781250, 99.948135375976562
0.129032254219055, 0.258064508438110, 99.955085754394531, 99.948135375976562
0.129032254219055, 0.322580635547638, 99.954780578613281, 99.948135375976562
0.129032254219055, 0.387096762657166, 99.954521179199219, 99.948135375976562
0.129032254219055, 0.451612889766693, 99.954322814941406, 99.948135375976562
0.129032254219055, 0.516129016876221, 99.954185485839844, 99.948135375976562
0.129032254219055, 0.580645143985748, 99.954086303710938, 99.948135375976562
0.129032254219055, 0.645161271095276, 99.954032897949219, 99.948135375976562
0.129032254219055, 0.709677398204803, 99.953994750976562, 99.948135375976562
0.129032254219055, 0.774193525314331, 99.953979492187500, 99.948135375976562
0.129032254219055, 0.838709652423859, 99.953971862792969, 99.948135375976562
0.129032254219055, 0.903225779533386, 99.953964233398438, 99.948135375976562
0.129032254219055, 0.967741906642914, 99.953964233398438, 99.948135375976562
0.129032254219055, 1.032258033752441, 99.953964233398438, 99.948135375976562
0.129032254219055, 1.096774101257324, 99.953964233398438, 99.948135375976562
0.129032254219055, 1.161290168762207, 99.953971862792969, 99.948135375976562
0.129032254219055, 1.225806236267090, 99.953979492187500, 99.948135375976562
0.129032254219055, 1.290322303771973, 99.953994750976562, 99.948135375976562
0.129032254219055, 1.354838371276855, 99.954032897949219, 99.948135375976562
0.129032254219055, 1.419354438781738, 99.954086303710938, 99.948135375976562
0.129032254219055, 1.483870506286621, 99.954185485839844, 99.948135375976562
0.129032254219055, 1.548386573791504, 99.954322814941406, 99.948135375976562
0.129032254219055, 1.612902641296387, 99.954521179199219, 99.948135375976562
0.129032254219055, 1.677418708801270, 99.954780578613281, 99.948135375976562
0.129032254219055, 1.741934776306152, 99.955085754394531, 99.948135375976562
0.129032254219055, 1.806450843811035, 99.955383300781250, 99.948135375976562
0.129032254219055, 1.870966911315918, 99.955589294433594, 99.948135375976562
0.129032254219055, 1.935482978820801, 99.955482482910156, 99.948135375976562
0.129032254219055, 1.999999046325684, 99.952873229980469, 99.948135375976562
0.193548381328583, 0.000000000000000, 99.899810791015625, 99.891128540039062
0.193548381328583, 0.064516127109528, 99.903060913085938, 99.891128540039062
0.193548381328583, 0.129032254219055, 99.902503967285156, 99.891128540039062
0.193548381328583, 0.193548381328583, 99.901779174804688, 99.891128540039062
0.193548381328583, 0.258064508438110, 99.901031494140625, 99.891128540039062
0.193548381328583, 0.322580635547638, 99.900367736816406, 99.891128540039062
0.193548381328583, 0.387096762657166, 99.899810791015625, 99.891128540039062
0.193548381328583, 0.451612889766693, 99.899391174316406, 99.891128540039062
0.193548381328583, 0.516129016876221, 99.899093627929688, 99.891128540039062
0.193548381328583, 0.580645143985748, 99.898895263671875, 99.891128540039062
0.193548381328583, 0.645161271095276, 99.898773193359375, 99.891128540039062
0.193548381328583, 0.709677398204803, 99.898704528808594, 99.891128540039062
0.193548381328583, 0.774193525314331, 99.898666381835938, 99.891128540039062
0.193548381328583, 0.838709652423859, 99.898651123046875, 99.891128540039062
0.193548381328583, 0.903225779533386, 99.898643493652344, 99.891128540039062
0.193548381328583, 0.967741906642914, 99.898635864257812, 99.891128540039062
0.193548381328583, 1.032258033752441, 99.898635864257812, 99.891128540039062
0.193548381328583, 1.096774101257324, 99.898643493652344, 99.891128540039062
0.193548381328583, 1.161290168762207, 99.898651123046875, 99.891128540039062
0.193548381328583, 1.225806236267090, 99.898666381835938, 99.891128540039062
0.193548381328583, 1.290322303771973, 99.898704528808594, 99.891128540039062
0.193548381328583, 1.354838371276855, 99.898773193359375, 99.891128540039062
0.193548381328583, 1.419354438781738, 99.898895263671875, 99.891128540039062
0.193548381328583, 1.483870506286621, 99.899093627929688, 99.891128540039062
0.193548381328583, 1.548386573791504, 99.899391174316406, 99.891128540039062
0.193548381328583, 1.612902641296387, 99.899810791015625, 99.891128540039062
0.193548381328583, 1.677418708801270, 99.900367736816406, 99.891128540039062
0.193548381328583, 1.741934776306152, 99.901031494140625, 99.891128540039062
0.193548381328583, 1.806450843811035, 99.901779174804688, 99.891128540039062
0.193548381328583, 1.870966911315918, 99.902503967285156, 99.891128540039062
0.193548381328583, 1.935482978820801, 99.903060913085938, 99.891128540039062
0.193548381328583, 1.999999046325684, 99.899810791015625, 99.891128540039062
0.258064508438110, 0.000000000000000, 99.797187805175781, 99.782188415527344
0.258064508438110, 0.064516127109528, 99.801887512207031, 99.782188415527344
0.258064508438110, 0.129032254219055, 99.800300598144531, 99.782188415527344
0.258064508438110, 0.193548381328583, 99.798622131347656, 99.782188415527344
0.258064508438110, 0.258064508438110, 99.797096252441406, 99.782188415527344
0.258064508438110, 0.322580635547638, 99.795753479003906, 99.782188415527344
0.258064508438110, 0.387096762657166, 99.794692993164062, 99.782188415527344
0.258064508438110, 0.451612889766693, 99.793884277343750, 99.782188415527344
0.258064508438110, 0.516129016876221, 99.793319702148438, 99.782188415527344
0.258064508438110, 0.580645143985748, 99.792945861816406, 99.782188415527344
0.258064508438110, 0.645161271095276, 99.792716979980469, 99.782188415527344
0.258064508438110, 0.709677398204803, 99.792579650878906, 99.782188415527344
0.258064508438110, 0.774193525314331, 99.792510986328125, 99.782188415527344
0.258064508438110, 0.838709652423859, 99.792472839355469, 99.782188415527344
0.258064508438110, 0.903225779533386, 99.792457580566406, 99.782188415527344
0.258064508438110, 0.967741906642914, 99.792449951171875, 99.782188415527344
0.258064508438110, 1.032258033752441, 99.792449951171875, 99.782188415527344
0.258064508438110, 1.096774101257324, 99.792457580566406, 99.782188415527344
0.258064508438110, 1.161290168762207, 99.792472839355469, 99.782188415527344
0.258064508438110, 1.225806236267090, 99.792510986328125, 99.782188415527344
0.258064508438110, 1.290322303771973, 99.792579650878906, 99.782188415527344
0.258064508438110, 1.354838371276855, 99.792716979980469, 99.782188415527344
0.258064508438110, 1.419354438781738, 99.792945861816406, 99.782188415527344
0.258064508438110, 1.483870506286621, 99.793319702148438, 99.782188415527344
0.258064508438110, 1.548386573791504, 99.793884277343750, 99.782188415527344
0.258064508438110, 1.612902641296387, 99.794692993164062, 99.782188415527344
0.258064508438110, 1.677418708801270, 99.795753479003906, 99.782188415527344
0.258064508438110, 1.741934776306152, 99.797096252441406, 99.782188415527344
0.258064508438110, 1.806450843811035, 99.798622131347656, 99.782188415527344
0.258064508438110, 1.870966911315918, 99.800300598144531, 99.782188415527344
0.258064508438110, 1.935482978820801, 99.801887512207031, 99.782188415527344
0.258064508438110, 1.999999046325684, 99.797187805175781, 99.782188415527344
0.322580635547638, 0.000000000000000, 99.608932495117188, 99.584533691406250
0.322580635547638, 0.064516127109528, 99.615638732910156, 99.584533691406250
0.322580635547638, 0.129032254219055, 99.612251281738281, 99.584533691406250
0.322580635547638, 0.193548381328583, 99.609031677246094, 99.584533691406250
0.322580635547638, 0.258064508438110, 99.606140136718750, 99.584533691406250
0.322580635547638, 0.322580635547638, 99.603759765625000, 99.584533691406250
0.322580635547638, 0.387096762657166, 99.601829528808594, 99.584533691406250
0.322580635547638, 0.451612889766693, 99.600433349609375, 99.584533691406250
0.322580635547638, 0.516129016876221, 99.599418640136719, 99.584533691406250
0.322580635547638, 0.580645143985748, 99.598777770996094, 99.584533691406250
0.322580635547638, 0.645161271095276, 99.598365783691406, 99.584533691406250
0.322580635547638, 0.709677398204803, 99.598136901855469, 99.584533691406250
0.322580635547638, 0.774193525314331, 99.597999572753906, 99.584533691406250
0.322580635547638, 0.838709652423859, 99.597938537597656, 99.584533691406250
0.322580635547638, 0.903225779533386, 99.597900390625000, 99.584533691406250
0.322580635547638, 0.967741906642914, 99.597892761230469, 99.584533691406250
0.322580635547638, 1.032258033752441, 99.597892761230469, 99.584533691406250
0.322580635547638, 1.096774101257324, 99.597900390625000, 99.584533691406250
0.322580635547638, 1.161290168762207, 99.597938537597656, 99.584533691406250
0.322580635547638, 1.225806236267090, 99.597999572753906, 99.584533691406250
0.322580635547638, 1.290322303771973, 99.598136901855469, 99.584533691406250
0.322580635547638, 1.354838371276855, 99.598365783691406, 99.584533691406250
0.322580635547638, 1.419354438781738, 99.598777770996094, 99.584533691406250
0.322580635547638, 1.483870506286621, 99.599418640136719, 99.584533691406250
0.322580635547638, 1.548386573791504, 99.600433349609375, 99.584533691406250
0.322580635547638, 1.612902641296387, 99.601829528808594, 99.584533691406250
0.322580635547638, 1.677418708801270, 99.603759765625000, 99.584533691406250
0.322580635547638, 1.741934776306152, 99.606140136718750, 99.584533691406250
0.322580635547638, 1.806450843811035, 99.609031677246094, 99.584533691406250
0.322580635547638, 1.870966911315918, 99.612251281738281, 99.584533691406250
0.322580635547638, 1.935482978820801, 99.615638732910156, 99.584533691406250
0.322580635547638, 1.999999046325684, 99.608932495117188, 99.584533691406250
0.387096762657166, 0.000000000000000, 99.281333923339844, 99.244010925292969
0.387096762657166, 0.064516127109528, 99.290359497070312, 99.244010925292969
0.387096762657166, 0.129032254219055, 99.284210205078125, 99.244010925292969
0.387096762657166, 0.193548381328583, 99.278518676757812, 99.244010925292969
0.387096762657166, 0.258064508438110, 99.273658752441406, 99.244010925292969
0.387096762657166, 0.322580635547638, 99.269615173339844, 99.244010925292969
0.387096762657166, 0.387096762657166, 99.266510009765625, 99.244010925292969
0.387096762657166, 0.451612889766693, 99.264152526855469, 99.244010925292969
0.387096762657166, 0.516129016876221, 99.262550354003906, 99.244010925292969
0.387096762657166, 0.580645143985748, 99.261466979980469, 99.244010925292969
0.387096762657166, 0.645161271095276, 99.260818481445312, 99.244010925292969
0.387096762657166, 0.709677398204803, 99.260421752929688, 99.244010925292969
0.387096762657166, 0.774193525314331, 99.260215759277344, 99.244010925292969
0.387096762657166, 0.838709652423859, 99.260101318359375, 99.244010925292969
0.387096762657166, 0.903225779533386, 99.260047912597656, 99.244010925292969
0.387096762657166, 0.967741906642914, 99.260025024414062, 99.244010925292969
0.387096762657166, 1.032258033752441, 99.260025024414062, 99.244010925292969
0.387096762657166, 1.096774101257324, 99.260047912597656, 99.244010925292969
0.387096762657166, 1.161290168762207, 99.260101318359375, 99.244010925292969
0.387096762657166, 1.225806236267090, 99.260215759277344, 99.244010925292969
0.387096762657166, 1.290322303771973, 99.260421752929688, 99.244010925292969
0.387096762657166, 1.354838371276855, 99.260818481445312, 99.244010925292969
0.387096762657166, 1.419354438781738, 99.261466979980469, 99.244010925292969
0.387096762657166, 1.483870506286621, 99.262550354003906, 99.244010925292969
0.387096762657166, 1.548386573791504, 99.264152526855469, 99.244010925292969
0.387096762657166, 1.612902641296387, 99.266510009765625, 99.244010925292969
0.387096762657166, 1.677418708801270, 99.269615173339844, 99.244010925292969
0.387096762657166, 1.741934776306152, 99.273658752441406, 99.244010925292969
0.387096762657166, 1.806450843811035, 99.278518676757812, 99.244010925292969
0.387096762657166, 1.870966911315918, 99.284210205078125, 99.244010925292969
0.387096762657166, 1.935482978820801, 99.290359497070312, 99.244010925292969
0.387096762657166, 1.999999046325684, 99.281333923339844, 99.244010925292969
0.451612889766693, 0.000000000000000, 98.740547180175781, 98.686981201171875
0.451612889766693, 0.064516127109528, 98.751983642578125, 98.686981201171875
0.451612889766693, 0.129032254219055, 98.741836547851562, 98.686981201171875
0.451612889766693, 0.193548381328583, 98.732833862304688, 98.686981201171875
0.451612889766693, 0.258064508438110, 98.725128173828125, 98.686981201171875
0.451612889766693, 0.322580635547638, 98.718986511230469, 98.686981201171875
0.451612889766693, 0.387096762657166, 98.714141845703125, 98.686981201171875
0.451612889766693, 0.451612889766693, 98.710655212402344, 98.686981201171875
0.451612889766693, 0.516129016876221, 98.708160400390625, 98.686981201171875
0.451612889766693, 0.580645143985748, 98.706565856933594, 98.686981201171875
0.451612889766693, 0.645161271095276, 98.705543518066406, 98.686981201171875
0.451612889766693, 0.709677398204803, 98.704963684082031, 98.686981201171875
0.451612889766693, 0.774193525314331, 98.704627990722656, 98.686981201171875
0.451612889766693, 0.838709652423859, 98.704460144042969, 98.686981201171875
0.451612889766693, 0.903225779533386, 98.704376220703125, 98.686981201171875
0.451612889766693, 0.967741906642914, 98.704345703125000, 98.686981201171875
0.451612889766693, 1.032258033752441, 98.704345703125000, 98.686981201171875
0.451612889766693, 1.096774101257324, 98.704376220703125, 98.686981201171875
0.451612889766693, 1.161290168762207, 98.704460144042969, 98.686981201171875
0.451612889766693, 1.225806236267090, 98.704627990722656, 98.686981201171875
0.451612889766693, 1.290322303771973, 98.704963684082031, 98.686981201171875
0.451612889766693, 1.354838371276855, 98.705543518066406, 98.686981201171875
0.451612889766693, 1.419354438781738, 98.706565856933594, 98.686981201171875
0.451612889766693, 1.483870506286621, 98.708160400390625, 98.686981201171875
0.451612889766693, 1.548386573791504, 98.710655212402344, 98.686981201171875
0.451612889766693, 1.612902641296387, 98.714141845703125, 98.686981201171875
0.451612889766693, 1.677418708801270, 98.718986511230469, 98.686981201171875
0.451612889766693, 1.741934776306152, 98.725128173828125, 98.686981201171875
0.451612889766693, 1.806450843811035, 98.732833862304688, 98.686981201171875
0.451612889766693, 1.870966911315918, 98.741836547851562, 98.686981201171875
0.451612889766693, 1.935482978820801, 98.751983642578125, 98.686981201171875
0.451612889766693, 1.999999046325684, 98.740547180175781, 98.686981201171875
0.516129016876221, 0.000000000000000, 97.893714904785156, 97.821784973144531
0.516129016876221, 0.064516127109528, 97.907249450683594, 97.821784973144531
0.516129016876221, 0.129032254219055, 97.892173767089844, 97.821784973144531
0.516129016876221, 0.193548381328583, 97.878898620605469, 97.821784973144531
0.516129016876221, 0.258064508438110, 97.867942810058594, 97.821784973144531
0.516129016876221, 0.322580635547638, 97.859039306640625, 97.821784973144531
0.516129016876221, 0.387096762657166, 97.852317810058594, 97.821784973144531
0.516129016876221, 0.451612889766693, 97.847282409667969, 97.821784973144531
0.516129016876221, 0.516129016876221, 97.843879699707031, 97.821784973144531
0.516129016876221, 0.580645143985748, 97.841560363769531, 97.821784973144531
0.516129016876221, 0.645161271095276, 97.840171813964844, 97.821784973144531
0.516129016876221, 0.709677398204803, 97.839317321777344, 97.821784973144531
0.516129016876221, 0.774193525314331, 97.838867187500000, 97.821784973144531
0.516129016876221, 0.838709652423859, 97.838615417480469, 97.821784973144531
0.516129016876221, 0.903225779533386, 97.838500976562500, 97.821784973144531
0.516129016876221, 0.967741906642914, 97.838447570800781, 97.821784973144531
0.516129016876221, 1.032258033752441, 97.838447570800781, 97.821784973144531
0.516129016876221, 1.096774101257324, 97.838500976562500, 97.821784973144531
0.516129016876221, 1.161290168762207, 97.838615417480469, 97.821784973144531
0.516129016876221, 1.225806236267090, 97.838867187500000, 97.821784973144531
0.516129016876221, 1.290322303771973, 97.839317321777344, 97.821784973144531
0.516129016876221, 1.354838371276855, 97.840171813964844, 97.821784973144531
0.516129016876221, 1.419354438781738, 97.841560363769531, 97.821784973144531
0.516129016876221, 1.483870506286621, 97.843879699707031, 97.821784973144531
0.516129016876221, 1.548386573791504, 97.847282409667969, 97.821784973144531
0.516129016876221, 1.612902641296387, 97.852317810058594, 97.821784973144531
0.516129016876221, 1.677418708801270, 97.859039306640625, 97.821784973144531
0.516129016876221, 1.741934776306152, 97.867942810058594, 97.821784973144531
0.516129016876221, 1.806450843811035, 97.878898620605469, 97.821784973144531
0.516129016876221, 1.870966911315918, 97.892173767089844, 97.821784973144531
0.516129016876221, 1.935482978820801, 97.907249450683594, 97.821784973144531
0.516129016876221, 1.999999046325684, 97.893714904785156, 97.821784973144531
0.580645143985748, 0.000000000000000, 96.635810852050781, 96.545768737792969
0.580645143985748, 0.064516127109528, 96.650817871093750, 96.545768737792969
0.580645143985748, 0.129032254219055, 96.630203247070312, 96.545768737792969
0.580645143985748, 0.193548381328583, 96.612571716308594, 96.545768737792969
0.580645143985748, 0.258064508438110, 96.597869873046875, 96.545768737792969
0.580645143985748, 0.322580635547638, 96.586364746093750, 96.545768737792969
0.580645143985748, 0.387096762657166, 96.577392578125000, 96.545768737792969
0.580645143985748, 0.451612889766693, 96.571006774902344, 96.545768737792969
0.580645143985748, 0.516129016876221, 96.566436767578125, 96.545768737792969
0.580645143985748, 0.580645143985748, 96.563529968261719, 96.545768737792969
0.580645143985748, 0.645161271095276, 96.561637878417969, 96.545768737792969
0.580645143985748, 0.709677398204803, 96.560577392578125, 96.545768737792969
0.580645143985748, 0.774193525314331, 96.559944152832031, 96.545768737792969
0.580645143985748, 0.838709652423859, 96.559638977050781, 96.545768737792969
0.580645143985748, 0.903225779533386, 96.559471130371094, 96.545768737792969
0.580645143985748, 0.967741906642914, 96.559417724609375, 96.545768737792969
0.580645143985748, 1.032258033752441, 96.559417724609375, 96.545768737792969
0.580645143985748, 1.096774101257324, 96.559471130371094, 96.545768737792969
0.580645143985748, 1.161290168762207, 96.559638977050781, 96.545768737792969
0.580645143985748, 1.225806236267090, 96.559944152832031, 96.545768737792969
0.580645143985748, 1.290322303771973, 96.560577392578125, 96.545768737792969
0.580645143985748, 1.354838371276855, 96.561637878417969, 96.545768737792969
0.580645143985748, 1.419354438781738, 96.563529968261719, 96.545768737792969
0.580645143985748, 1.483870506286621, 96.566436767578125, 96.545768737792969
0.580645143985748, 1.548386573791504, 96.571006774902344, 96.545768737792969
0.580645143985748, 1.612902641296387, 96.577392578125000, 96.545768737792969
0.580645143985748, 1.677418708801270, 96.586364746093750, 96.545768737792969
0.580645143985748, 1.741934776306152, 96.597869873046875, 96.545768737792969
0.580645143985748, 1.806450843811035, 96.612571716308594, 96.545768737792969
0.580645143985748, 1.870966911315918, 96.630203247070312, 96.545768737792969
0.580645143985748, 1.935482978820801, 96.650817871093750, 96.545768737792969
0.580645143985748, 1.999999046325684, 96.635810852050781, 96.545768737792969
0.645161271095276, 0.000000000000000, 94.863296508789062, 94.758895874023438
0.645161271095276, 0.064516127109528, 94.878730773925781, 94.758895874023438
0.645161271095276, 0.129032254219055, 94.853332519531250, 94.758895874023438
0.645161271095276, 0.193548381328583, 94.831542968750000, 94.758895874023438
0.645161271095276, 0.258064508438110, 94.813934326171875, 94.758895874023438
0.645161271095276, 0.322580635547638, 94.799789428710938, 94.758895874023438
0.645161271095276, 0.387096762657166, 94.789268493652344, 94.758895874023438
0.645161271095276, 0.451612889766693, 94.781394958496094, 94.758895874023438
0.645161271095276, 0.516129016876221, 94.776107788085938, 94.758895874023438
0.645161271095276, 0.580645143985748, 94.772491455078125, 94.758895874023438
0.645161271095276, 0.645161271095276, 94.770332336425781, 94.758895874023438
0.645161271095276, 0.709677398204803, 94.768981933593750, 94.758895874023438
0.645161271095276, 0.774193525314331, 94.768272399902344, 94.758895874023438
0.645161271095276, 0.838709652423859, 94.767868041992188, 94.758895874023438
0.645161271095276, 0.903225779533386, 94.767684936523438, 94.758895874023438
0.645161271095276, 0.967741906642914, 94.767608642578125, 94.758895874023438
0.645161271095276, 1.032258033752441, 94.767608642578125, 94.758895874023438
0.645161271095276, 1.096774101257324, 94.767684936523438, 94.758895874023438
0.645161271095276, 1.161290168762207, 94.767868041992188, 94.758895874023438
0.645161271095276, 1.225806236267090, 94.768272399902344, 94.758895874023438
0.645161271095276, 1.290322303771973, 94.768981933593750, 94.758895874023438
0.645161271095276, 1.354838371276855, 94.770332336425781, 94.758895874023438
0.645161271095276, 1.419354438781738, 94.772491455078125, 94.758895874023438
0.645161271095276, 1.483870506286621, 94.776107788085938, 94.758895874023438
0.645161271095276, 1.548386573791504, 94.781394958496094, 94.758895874023438
0.645161271095276, 1.612902641296387, 94.789268493652344, 94.758895874023438
0.645161271095276, 1.677418708801270, 94.799789428710938, 94.758895874023438
0.645161271095276, 1.741934776306152, 94.813934326171875, 94.758895874023438
0.645161271095276, 1.806450843811035, 94.831542968750000, 94.758895874023438
0.645161271095276, 1.870966911315918, 94.853332519531250, 94.758895874023438
0.645161271095276, 1.935482978820801, 94.878730773925781, 94.758895874023438
0.645161271095276, 1.999999046325684, 94.863296508789062, 94.758895874023438
0.709677398204803, 0.000000000000000, 92.494026184082031, 92.382957458496094
0.709677398204803, 0.064516127109528, 92.508804321289062, 92.382957458496094
0.709677398204803, 0.129032254219055, 92.480201721191406, 92.382957458496094
0.709677398204803, 0.193548381328583, 92.456253051757812, 92.382957458496094
0.709677398204803, 0.258064508438110, 92.436515808105469, 92.382957458496094
0.709677398204803, 0.322580635547638, 92.421310424804688, 92.382957458496094
0.709677398204803, 0.387096762657166, 92.409484863281250, 92.382957458496094
0.709677398204803, 0.451612889766693, 92.401161193847656, 92.382957458496094
0.709677398204803, 0.516129016876221, 92.395172119140625, 92.382957458496094
0.709677398204803, 0.580645143985748, 92.391403198242188, 92.382957458496094
0.709677398204803, 0.645161271095276, 92.388916015625000, 92.382957458496094
0.709677398204803, 0.709677398204803, 92.387527465820312, 92.382957458496094
0.709677398204803, 0.774193525314331, 92.386688232421875, 92.382957458496094
0.709677398204803, 0.838709652423859, 92.386276245117188, 92.382957458496094
0.709677398204803, 0.903225779533386, 92.386054992675781, 92.382957458496094
0.709677398204803, 0.967741906642914, 92.385978698730469, 92.382957458496094
0.709677398204803, 1.032258033752441, 92.385978698730469, 92.382957458496094
0.709677398204803, 1.096774101257324, 92.386054992675781, 92.382957458496094
0.709677398204803, 1.161290168762207, 92.386276245117188, 92.382957458496094
0.709677398204803, 1.225806236267090, 92.386688232421875, 92.382957458496094
0.709677398204803, 1.290322303771973, 92.387527465820312, 92.382957458496094
0.709677398204803, 1.354838371276855, 92.388916015625000, 92.382957458496094
0.709677398204803, 1.419354438781738, 92.391403198242188, 92.382957458496094
0.709677398204803, 1.483870506286621, 92.395172119140625, 92.382957458496094
0.709677398204803, 1.548386573791504, 92.401161193847656, 92.382957458496094
0.709677398204803, 1.612902641296387, 92.409484863281250, 92.382957458496094
0.709677398204803, 1.677418708801270, 92.421310424804688, 92.382957458496094
0.709677398204803, 1.741934776306152, 92.436515808105469, 92.382957458496094
0.709677398204803, 1.806450843811035, 92.456253051757812, 92.382957458496094
0.709677398204803, 1.870966911315918, 92.480201721191406, 92.382957458496094
0.709677398204803, 1.935482978820801, 92.508804321289062, 92.382957458496094
0.709677398204803, 1.999999046325684, 92.494026184082031, 92.382957458496094
0.774193525314331, 0.000000000000000, 89.489837646484375, 89.383262634277344
0.774193525314331, 0.064516127109528, 89.502670288085938, 89.383262634277344
0.774193525314331, 0.129032254219055, 89.474319458007812, 89.383262634277344
0.774193525314331, 0.193548381328583, 89.450286865234375, 89.383262634277344
0.774193525314331, 0.258064508438110, 89.431159973144531, 89.383262634277344
0.774193525314331, 0.322580635547638, 89.415832519531250, 89.383262634277344
0.774193525314331, 0.387096762657166, 89.404602050781250, 89.383262634277344
0.774193525314331, 0.451612889766693, 89.396125793457031, 89.383262634277344
0.774193525314331, 0.516129016876221, 89.390533447265625, 89.383262634277344
0.774193525314331, 0.580645143985748, 89.386627197265625, 89.383262634277344
0.774193525314331, 0.645161271095276, 89.384353637695312, 89.383262634277344
0.774193525314331, 0.709677398204803, 89.382881164550781, 89.383262634277344
0.774193525314331, 0.774193525314331, 89.382133483886719, 89.383262634277344
0.774193525314331, 0.838709652423859, 89.381683349609375, 89.383262634277344
0.774193525314331, 0.903225779533386, 89.381492614746094, 89.383262634277344
0.774193525314331, 0.967741906642914, 89.381393432617188, 89.383262634277344
0.774193525314331, 1.032258033752441, 89.381393432617188, 89.383262634277344
0.774193525314331, 1.096774101257324, 89.381492614746094, 89.383262634277344
0.774193525314331, 1.161290168762207, 89.381683349609375, 89.383262634277344
0.774193525314331, 1.225806236267090, 89.382133483886719, 89.383262634277344
0.774193525314331, 1.290322303771973, 89.382881164550781, 89.383262634277344
0.774193525314331, 1.354838371276855, 89.384353637695312, 89.383262634277344
0.774193525314331, 1.419354438781738, 89.386627197265625, 89.383262634277344
0.774193525314331, 1.483870506286621, 89.390533447265625, 89.383262634277344
0.774193525314331, 1.548386573791504, 89.396125793457031, 89.383262634277344
0.774193525314331, 1.612902641296387, 89.404602050781250, 89.383262634277344
0.774193525314331, 1.677418708801270, 89.415832519531250, 89.383262634277344
0.774193525314331, 1.741934776306152, 89.431159973144531, 89.383262634277344
0.774193525314331, 1.806450843811035, 89.450286865234375, 89.383262634277344
0.774193525314331, 1.870966911315918, 89.474319458007812, 89.383262634277344
0.774193525314331, 1.935482978820801, 89.502670288085938, 89.383262634277344
0.774193525314331, 1.999999046325684, 89.489837646484375, 89.383262634277344
0.838709652423859, 0.000000000000000, 85.876365661621094, 85.787254333496094
0.838709652423859, 0.064516127109528, 85.886360168457031, 85.787254333496094
0.838709652423859, 0.129032254219055, 85.861778259277344, 85.787254333496094
0.838709652423859, 0.193548381328583, 85.841514587402344, 85.787254333496094
0.838709652423859, 0.258064508438110, 85.824813842773438, 85.787254333496094
0.838709652423859, 0.322580635547638, 85.812171936035156, 85.787254333496094
0.838709652423859, 0.387096762657166, 85.802230834960938, 85.787254333496094
0.838709652423859, 0.451612889766693, 85.795394897460938, 85.787254333496094
0.838709652423859, 0.516129016876221, 85.790351867675781, 85.787254333496094
0.838709652423859, 0.580645143985748, 85.787277221679688, 85.787254333496094
0.838709652423859, 0.645161271095276, 85.785163879394531, 85.787254333496094
0.838709652423859, 0.709677398204803, 85.784042358398438, 85.787254333496094
0.838709652423859, 0.774193525314331, 85.783325195312500, 85.787254333496094
0.838709652423859, 0.838709652423859, 85.782989501953125, 85.787254333496094
0.838709652423859, 0.903225779533386, 85.782791137695312, 85.787254333496094
0.838709652423859, 0.967741906642914, 85.782730102539062, 85.787254333496094
0.838709652423859, 1.032258033752441, 85.782730102539062, 85.787254333496094
0.838709652423859, 1.096774101257324, 85.782791137695312, 85.787254333496094
0.838709652423859, 1.161290168762207, 85.782989501953125, 85.787254333496094
0.838709652423859, 1.225806236267090, 85.783325195312500, 85.787254333496094
0.838709652423859, 1.290322303771973, 85.784042358398438, 85.787254333496094
0.838709652423859, 1.354838371276855, 85.785163879394531, 85.787254333496094
0.838709652423859, 1.419354438781738, 85.787277221679688, 85.787254333496094
0.838709652423859, 1.483870506286621, 85.790351867675781, 85.787254333496094
0.838709652423859, 1.548386573791504, 85.795394897460938, 85.787254333496094
0.838709652423859, 1.612902641296387, 85.802230834960938, 85.787254333496094
0.838709652423859, 1.677418708801270, 85.812171936035156, 85.787254333496094
0.838709652423859, 1.741934776306152, 85.824813842773438, 85.787254333496094
0.838709652423859, 1.806450843811035, 85.841514587402344, 85.787254333496094
0.838709652423859, 1.870966911315918, 85.861778259277344, 85.787254333496094
0.838709652423859, 1.935482978820801, 85.886360168457031, 85.787254333496094
0.838709652423859, 1.999999046325684, 85.876365661621094, 85.787254333496094
0.903225779533386, 0.000000000000000, 81.753410339355469, 81.694023132324219
0.903225779533386, 0.064516127109528, 81.759643554687500, 81.694023132324219
0.903225779533386, 0.129032254219055, 81.743171691894531, 81.694023132324219
0.903225779533386, 0.193548381328583, 81.729141235351562, 81.694023132324219
0.903225779533386, 0.258064508438110, 81.718246459960938, 81.694023132324219
0.903225779533386, 0.322580635547638, 81.709304809570312, 81.694023132324219
0.903225779533386, 0.387096762657166, 81.703010559082031, 81.694023132324219
0.903225779533386, 0.451612889766693, 81.698051452636719, 81.694023132324219
0.903225779533386, 0.516129016876221, 81.694961547851562, 81.694023132324219
0.903225779533386, 0.580645143985748, 81.692657470703125, 81.694023132324219
0.903225779533386, 0.645161271095276, 81.691413879394531, 81.694023132324219
0.903225779533386, 0.709677398204803, 81.690528869628906, 81.694023132324219
0.903225779533386, 0.774193525314331, 81.690124511718750, 81.694023132324219
0.903225779533386, 0.838709652423859, 81.689849853515625, 81.694023132324219
0.903225779533386, 0.903225779533386, 81.689743041992188, 81.694023132324219
0.903225779533386, 0.967741906642914, 81.689689636230469, 81.694023132324219
0.903225779533386, 1.032258033752441, 81.689689636230469, 81.694023132324219
0.903225779533386, 1.096774101257324, 81.689743041992188, 81.694023132324219
0.903225779533386, 1.161290168762207, 81.689849853515625, 81.694023132324219
0.903225779533386, 1.225806236267090, 81.690124511718750, 81.694023132324219
0.903225779533386, 1.290322303771973, 81.690528869628906, 81.694023132324219
0.903225779533386, 1.354838371276855, 81.691413879394531, 81.694023132324219
0.903225779533386, 1.419354438781738, 81.692657470703125, 81.694023132324219
0.903225779533386, 1.483870506286621, 81.694961547851562, 81.694023132324219
0.903225779533386, 1.548386573791504, 81.698051452636719, 81.694023132324219
0.903225779533386, 1.612902641296387, 81.703010559082031, 81.694023132324219
0.903225779533386, 1.677418708801270, 81.709304809570312, 81.694023132324219
0.903225779533386, 1.741934776306152, 81.718246459960938, 81.694023132324219
0.903225779533386, 1.806450843811035, 81.729141235351562, 81.694023132324219
0.903225779533386, 1.870966911315918, 81.743171691894531, 81.694023132324219
0.903225779533386, 1.935482978820801, 81.759643554687500, 81.694023132324219
0.903225779533386, 1.999999046325684, 81.753410339355469, 81.694023132324219
0.967741906642914, 0.000000000000000, 77.290901184082031, 77.270034790039062
0.967741906642914, 0.064516127109528, 77.293090820312500, 77.270034790039062
0.967741906642914, 0.129032254219055, 77.287071228027344, 77.270034790039062
0.967741906642914, 0.193548381328583, 77.282379150390625, 77.270034790039062
0.967741906642914, 0.258064508438110, 77.278190612792969, 77.270034790039062
0.967741906642914, 0.322580635547638, 77.275390625000000, 77.270034790039062
0.967741906642914, 0.387096762657166, 77.272819519042969, 77.270034790039062
0.967741906642914, 0.451612889766693, 77.271377563476562, 77.270034790039062
0.967741906642914, 0.516129016876221, 77.270027160644531, 77.270034790039062
0.967741906642914, 0.580645143985748, 77.269424438476562, 77.270034790039062
0.967741906642914, 0.645161271095276, 77.268829345703125, 77.270034790039062
0.967741906642914, 0.709677398204803, 77.268623352050781, 77.270034790039062
0.967741906642914, 0.774193525314331, 77.268409729003906, 77.270034790039062
0.967741906642914, 0.838709652423859, 77.268356323242188, 77.270034790039062
0.967741906642914, 0.903225779533386, 77.268295288085938, 77.270034790039062
0.967741906642914, 0.967741906642914, 77.268287658691406, 77.270034790039062
0.967741906642914, 1.032258033752441, 77.268287658691406, 77.270034790039062
0.967741906642914, 1.096774101257324, 77.268295288085938, 77.270034790039062
0.967741906642914, 1.161290168762207, 77.268356323242188, 77.270034790039062
0.967741906642914, 1.225806236267090, 77.268409729003906, 77.270034790039062
0.967741906642914, 1.290322303771973, 77.268623352050781, 77.270034790039062
0.967741906642914, 1.354838371276855, 77.268829345703125, 77.270034790039062
0.967741906642914, 1.419354438781738, 77.269424438476562, 77.270034790039062
0.967741906642914, 1.483870506286621, 77.270027160644531, 77.270034790039062
0.967741906642914, 1.548386573791504, 77.271377563476562, 77.270034790039062
0.967741906642914, 1.612902641296387, 77.272819519042969, 77.270034790039062
0.967741906642914, 1.677418708801270, 77.275390625000000, 77.270034790039062
0.967741906642914, 1.741934776306152, 77.278190612792969, 77.270034790039062
0.967741906642914, 1.806450843811035, 77.282379150390625, 77.270034790039062
0.967741906642914, 1.870966911315918, 77.287071228027344, 77.270034790039062
0.967741906642914, 1.935482978820801, 77.293090820312500, 77.270034790039062
0.967741906642914, 1.999999046325684, 77.290901184082031, 77.270034790039062
1.032258033752441, 0.000000000000000, 72.709106445312500, 72.729965209960938
1.032258033752441, 0.064516127109528, 72.706916809082031, 72.729965209960938
1.032258033752441, 0.129032254219055, 72.712936401367188, 72.729965209960938
1.032258033752441, 0.193548381328583, 72.717628479003906, 72.729965209960938
1.032258033752441, 0.258064508438110, 72.721817016601562, 72.729965209960938
1.032258033752441, 0.322580635547638, 72.724609375000000, 72.729965209960938
1.032258033752441, 0.387096762657166, 72.727180480957031, 72.729965209960938
1.032258033752441, 0.451612889766693, 72.728622436523438, 72.729965209960938
1.032258033752441, 0.516129016876221, 72.729972839355469, 72.729965209960938
1.032258033752441, 0.580645143985748, 72.730575561523438, 72.729965209960938
1.032258033752441, 0.645161271095276, 72.731170654296875, 72.729965209960938
1.032258033752441, 0.709677398204803, 72.731376647949219, 72.729965209960938
1.032258033752441, 0.774193525314331, 72.731590270996094, 72.729965209960938
1.032258033752441, 0.838709652423859, 72.731643676757812, 72.729965209960938
1.032258033752441, 0.903225779533386, 72.731704711914062, 72.729965209960938
1.032258033752441, 0.967741906642914, 72.731712341308594, 72.729965209960938
1.032258033752441, 1.032258033752441, 72.731712341308594, 72.729965209960938
1.032258033752441, 1.096774101257324, 72.731704711914062, 72.729965209960938
1.032258033752441, 1.161290168762207, 72.731643676757812, 72.729965209960938
1.032258033752441, 1.225806236267090, 72.731590270996094, 72.729965209960938
1.032258033752441, 1.290322303771973, 72.731376647949219, 72.729965209960938
1.032258033752441, 1.354838371276855, 72.731170654296875, 72.729965209960938
1.032258033752441, 1.419354438781738, 72.730575561523438, 72.729965209960938
1.032258033752441, 1.483870506286621, 72.729972839355469, 72.729965209960938
1.032258033752441, 1.548386573791504, 72.728622436523438, 72.729965209960938
1.032258033752441, 1.612902641296387, 72.727180480957031, 72.729965209960938
1.032258033752441, 1.677418708801270, 72.724609375000000, 72.729965209960938
1.032258033752441, 1.741934776306152, 72.721817016601562, 72.729965209960938
1.032258033752441, 1.806450843811035, 72.717628479003906, 72.729965209960938
1.032258033752441, 1.870966911315918, 72.712936401367188, 72.729965209960938
1.032258033752441, 1.935482978820801, 72.706916809082031, 72.729965209960938
1.032258033752441, 1.999999046325684, 72.709106445312500, 72.729965209960938
1.096774101257324, 0.000000000000000, 68.246597290039062, 68.305984497070312
1.096774101257324, 0.064516127109528, 68.240364074707031, 68.305984497070312
1.096774101257324, 0.129032254219055, 68.256835937500000, 68.305984497070312
1.096774101257324, 0.193548381328583, 68.270866394042969, 68.305984497070312
1.096774101257324, 0.258064508438110, 68.281761169433594, 68.305984497070312
1.096774101257324, 0.322580635547638, 68.290695190429688, 68.305984497070312
1.096774101257324, 0.387096762657166, 68.296989440917969, 68.305984497070312
1.096774101257324, 0.451612889766693, 68.301948547363281, 68.305984497070312
1.096774101257324, 0.516129016876221, 68.305038452148438, 68.305984497070312
1.096774101257324, 0.580645143985748, 68.307342529296875, 68.305984497070312
1.096774101257324, 0.645161271095276, 68.308586120605469, 68.305984497070312
1.096774101257324, 0.709677398204803, 68.309471130371094, 68.305984497070312
1.096774101257324, 0.774193525314331, 68.309875488281250, 68.305984497070312
1.096774101257324, 0.838709652423859, 68.310150146484375, 68.305984497070312
1.096774101257324, 0.903225779533386, 68.310256958007812, 68.305984497070312
1.096774101257324, 0.967741906642914, 68.310310363769531, 68.305984497070312
1.096774101257324, 1.032258033752441, 68.310310363769531, 68.305984497070312
1.096774101257324, 1.096774101257324, 68.310256958007812, 68.305984497070312
1.096774101257324, 1.161290168762207, 68.310150146484375, 68.305984497070312
1.096774101257324, 1.225806236267090, 68.309875488281250, 68.305984497070312
1.096774101257324, 1.290322303771973, 68.309471130371094, 68.305984497070312
1.096774101257324, 1.354838371276855, 68.308586120605469, 68.305984497070312
1.096774101257324, 1.419354438781738, 68.307342529296875, 68.305984497070312
1.096774101257324, 1.483870506286621, 68.305038452148438, 68.305984497070312
1.096774101257324, 1.548386573791504, 68.301948547363281, 68.305984497070312
1.096774101257324, 1.612902641296387, 68.296989440917969, 68.305984497070312
1.096774101257324, 1.677418708801270, 68.290695190429688, 68.305984497070312
1.096774101257324, 1.741934776306152, 68.281761169433594, 68.305984497070312
1.096774101257324, 1.806450843811035, 68.270866394042969, 68.305984497070312
1.096774101257324, 1.870966911315918, 68.256835937500000, 68.305984497070312
1.096774101257324, 1.935482978820801, 68.240364074707031, 68.305984497070312
1.096774101257324, 1.999999046325684, 68.246597290039062, 68.305984497070312
1.161290168762207, 0.000000000000000, 64.123641967773438, 64.212753295898438
1.161290168762207, 0.064516127109528, 64.113647460937500, 64.212753295898438
1.161290168762207, 0.129032254219055, 64.138229370117188, 64.212753295898438
1.161290168762207, 0.193548381328583, 64.158493041992188, 64.212753295898438
1.161290168762207, 0.258064508438110, 64.175193786621094, 64.212753295898438
1.161290168762207, 0.322580635547638, 64.187828063964844, 64.212753295898438
1.161290168762207, 0.387096762657166, 64.197769165039062, 64.212753295898438
1.161290168762207, 0.451612889766693, 64.204605102539062, 64.212753295898438
1.161290168762207, 0.516129016876221, 64.209648132324219, 64.212753295898438
1.161290168762207, 0.580645143985748, 64.212722778320312, 64.212753295898438
1.161290168762207, 0.645161271095276, 64.214836120605469, 64.212753295898438
1.161290168762207, 0.709677398204803, 64.215957641601562, 64.212753295898438
1.161290168762207, 0.774193525314331, 64.216682434082031, 64.212753295898438
1.161290168762207, 0.838709652423859, 64.217018127441406, 64.212753295898438
1.161290168762207, 0.903225779533386, 64.217208862304688, 64.212753295898438
1.161290168762207, 0.967741906642914, 64.217277526855469, 64.212753295898438
1.161290168762207, 1.032258033752441, 64.217277526855469, 64.212753295898438
1.161290168762207, 1.096774101257324, 64.217208862304688, 64.212753295898438
1.161290168762207, 1.161290168762207, 64.217018127441406, 64.212753295898438
1.161290168762207, 1.225806236267090, 64.216682434082031, 64.212753295898438
1.161290168762207, 1.290322303771973, 64.215957641601562, 64.212753295898438
1.161290168762207, 1.354838371276855, 64.214836120605469, 64.212753295898438
1.161290168762207, 1.419354438781738, 64.212722778320312, 64.212753295898438
1.161290168762207, 1.483870506286621, 64.209648132324219, 64.212753295898438
1.161290168762207, 1.548386573791504, 64.204605102539062, 64.212753295898438
1.161290168762207, 1.612902641296387, 64.197769165039062, 64.212753295898438
1.161290168762207, 1.677418708801270, 64.187828063964844, 64.212753295898438
1.161290168762207, 1.741934776306152, 64.175193786621094, 64.212753295898438
1.161290168762207, 1.806450843811035, 64.158493041992188, 64.212753295898438
1.161290168762207, 1.870966911315918, 64.138229370117188, 64.212753295898438
1.161290168762207, 1.935482978820801, 64.113647460937500, 64.212753295898438
1.161290168762207, 1.999999046325684, 64.123641967773438, 64.212753295898438
1.225806236267090, 0.000000000000000, 60.510173797607422, 60.616748809814453
1.225806236267090, 0.064516127109528, 60.497344970703125, 60.616748809814453
1.225806236267090, 0.129032254219055, 60.525684356689453, 60.616748809814453
1.225806236267090, 0.193548381328583, 60.549713134765625, 60.616748809814453
1.225806236267090, 0.258064508438110, 60.568840026855469, 60.616748809814453
1.225806236267090, 0.322580635547638, 60.584167480468750, 60.616748809814453
1.225806236267090, 0.387096762657166, 60.595401763916016, 60.616748809814453
1.225806236267090, 0.451612889766693, 60.603878021240234, 60.616748809814453
1.225806236267090, 0.516129016876221, 60.609470367431641, 60.616748809814453
1.225806236267090, 0.580645143985748, 60.613368988037109, 60.616748809814453
1.225806236267090, 0.645161271095276, 60.615650177001953, 60.616748809814453
1.225806236267090, 0.709677398204803, 60.617118835449219, 60.616748809814453
1.225806236267090, 0.774193525314331, 60.617874145507812, 60.616748809814453
1.225806236267090, 0.838709652423859, 60.618320465087891, 60.616748809814453
1.225806236267090, 0.903225779533386, 60.618518829345703, 60.616748809814453
1.225806236267090, 0.967741906642914, 60.618610382080078, 60.616748809814453
1.225806236267090, 1.032258033752441, 60.618610382080078, 60.616748809814453
1.225806236267090, 1.096774101257324, 60.618518829345703, 60.616748809814453
1.225806236267090, 1.161290168762207, 60.618320465087891, 60.616748809814453
1.225806236267090, 1.225806236267090, 60.617874145507812, 60.616748809814453
1.225806236267090, 1.290322303771973, 60.617118835449219, 60.616748809814453
1.225806236267090, 1.354838371276855, 60.615650177001953, 60.616748809814453
1.225806236267090, 1.419354438781738, 60.613368988037109, 60.616748809814453
1.225806236267090, 1.483870506286621, 60.609470367431641, 60.616748809814453
1.225806236267090, 1.548386573791504, 60.603878021240234, 60.616748809814453
1.225806236267090, 1.612902641296387, 60.595401763916016, 60.616748809814453
1.225806236267090, 1.677418708801270, 60.584167480468750, 60.616748809814453
1.225806236267090, 1.741934776306152, 60.568840026855469, 60.616748809814453
1.225806236267090, 1.806450843811035, 60.549713134765625, 60.616748809814453
1.225806236267090, 1.870966911315918, 60.525684356689453, 60.616748809814453
1.225806236267090, 1.935482978820801, 60.497344970703125, 60.616748809814453
1.225806236267090, 1.999999046325684, 60.510173797607422, 60.616748809814453
1.290322303771973, 0.000000000000000, 57.505989074707031, 57.617053985595703
1.290322303771973, 0.064516127109528, 57.491203308105469, 57.617053985595703
1.290322303771973, 0.129032254219055, 57.519798278808594, 57.617053985595703
1.290322303771973, 0.193548381328583, 57.543746948242188, 57.617053985595703
1.290322303771973, 0.258064508438110, 57.563480377197266, 57.617053985595703
1.290322303771973, 0.322580635547638, 57.578693389892578, 57.617053985595703
1.290322303771973, 0.387096762657166, 57.590515136718750, 57.617053985595703
1.290322303771973, 0.451612889766693, 57.598838806152344, 57.617053985595703
1.290322303771973, 0.516129016876221, 57.604831695556641, 57.617053985595703
1.290322303771973, 0.580645143985748, 57.608600616455078, 57.617053985595703
1.290322303771973, 0.645161271095276, 57.611087799072266, 57.617053985595703
1.290322303771973, 0.709677398204803, 57.612476348876953, 57.617053985595703
1.290322303771973, 0.774193525314331, 57.613315582275391, 57.617053985595703
1.290322303771973, 0.838709652423859, 57.613723754882812, 57.617053985595703
1.290322303771973, 0.903225779533386, 57.613948822021484, 57.617053985595703
1.290322303771973, 0.967741906642914, 57.614028930664062, 57.617053985595703
1.290322303771973, 1.032258033752441, 57.614028930664062, 57.617053985595703
1.290322303771973, 1.096774101257324, 57.613948822021484, 57.617053985595703
1.290322303771973, 1.161290168762207, 57.613723754882812, 57.617053985595703
1.290322303771973, 1.225806236267090, 57.613315582275391, 57.617053985595703
1.290322303771973, 1.290322303771973, 57.612476348876953, 57.617053985595703
1.290322303771973, 1.354838371276855, 57.611087799072266, 57.617053985595703
1.290322303771973, 1.419354438781738, 57.608600616455078, 57.617053985595703
1.290322303771973, 1.483870506286621, 57.604831695556641, 57.617053985595703
1.290322303771973, 1.548386573791504, 57.598838806152344, 57.617053985595703
1.290322303771973, 1.612902641296387, 57.590515136718750, 57.617053985595703
1.290322303771973, 1.677418708801270, 57.578693389892578, 57.617053985595703
1.290322303771973, 1.741934776306152, 57.563480377197266, 57.617053985595703
1.290322303771973, 1.806450843811035, 57.543746948242188, 57.617053985595703
1.290322303771973, 1.870966911315918, 57.519798278808594, 57.617053985595703
1.290322303771973, 1.935482978820801, 57.491203308105469, 57.617053985595703
1.290322303771973, 1.999999046325684, 57.505989074707031, 57.617053985595703
1.354838371276855, 0.000000000000000, 55.136714935302734, 55.241115570068359
1.354838371276855, 0.064516127109528, 55.121276855468750, 55.241115570068359
1.354838371276855, 0.129032254219055, 55.146667480468750, 55.241115570068359
1.354838371276855, 0.193548381328583, 55.168457031250000, 55.241115570068359
1.354838371276855, 0.258064508438110, 55.186069488525391, 55.241115570068359
1.354838371276855, 0.322580635547638, 55.200214385986328, 55.241115570068359
1.354838371276855, 0.387096762657166, 55.210735321044922, 55.241115570068359
1.354838371276855, 0.451612889766693, 55.218612670898438, 55.241115570068359
1.354838371276855, 0.516129016876221, 55.223892211914062, 55.241115570068359
1.354838371276855, 0.580645143985748, 55.227512359619141, 55.241115570068359
1.354838371276855, 0.645161271095276, 55.229667663574219, 55.241115570068359
1.354838371276855, 0.709677398204803, 55.231018066406250, 55.241115570068359
1.354838371276855, 0.774193525314331, 55.231731414794922, 55.241115570068359
1.354838371276855, 0.838709652423859, 55.232135772705078, 55.241115570068359
1.354838371276855, 0.903225779533386, 55.232318878173828, 55.241115570068359
1.354838371276855, 0.967741906642914, 55.232398986816406, 55.241115570068359
1.354838371276855, 1.032258033752441, 55.232398986816406, 55.241115570068359
1.354838371276855, 1.096774101257324, 55.232318878173828, 55.241115570068359
1.354838371276855, 1.161290168762207, 55.232135772705078, 55.241115570068359
1.354838371276855, 1.225806236267090, 55.231731414794922, 55.241115570068359
1.354838371276855, 1.290322303771973, 55.231018066406250, 55.241115570068359
1.354838371276855, 1.354838371276855, 55.229667663574219, 55.241115570068359
1.354838371276855, 1.419354438781738, 55.227512359619141, 55.241115570068359
1.354838371276855, 1.483870506286621, 55.223892211914062, 55.241115570068359
1.354838371276855, 1.548386573791504, 55.218612670898438, 55.241115570068359
1.354838371276855, 1.612902641296387, 55.210735321044922, 55.241115570068359
1.354838371276855, 1.677418708801270, 55.200214385986328, 55.241115570068359
1.354838371276855, 1.741934776306152, 55.186069488525391, 55.241115570068359
1.354838371276855, 1.806450843811035, 55.168457031250000, 55.241115570068359
1.354838371276855, 1.870966911315918, 55.146667480468750, 55.241115570068359
1.354838371276855, 1.935482978820801, 55.121276855468750, 55.241115570068359
1.354838371276855, 1.999999046325684, 55.136714935302734, 55.241115570068359
1.419354438781738, 0.000000000000000, 53.364200592041016, 53.454238891601562
1.419354438781738, 0.064516127109528, 53.349185943603516, 53.454238891601562
1.419354438781738, 0.129032254219055, 53.369796752929688, 53.454238891601562
1.419354438781738, 0.193548381328583, 53.387428283691406, 53.454238891601562
1.419354438781738, 0.258064508438110, 53.402133941650391, 53.454238891601562
1.419354438781738, 0.322580635547638, 53.413639068603516, 53.454238891601562
1.419354438781738, 0.387096762657166, 53.422611236572266, 53.454238891601562
1.419354438781738, 0.451612889766693, 53.429000854492188, 53.454238891601562
1.419354438781738, 0.516129016876221, 53.433570861816406, 53.454238891601562
1.419354438781738, 0.580645143985748, 53.436470031738281, 53.454238891601562
1.419354438781738, 0.645161271095276, 53.438362121582031, 53.454238891601562
1.419354438781738, 0.709677398204803, 53.439422607421875, 53.454238891601562
1.419354438781738, 0.774193525314331, 53.440052032470703, 53.454238891601562
1.419354438781738, 0.838709652423859, 53.440364837646484, 53.454238891601562
1.419354438781738, 0.903225779533386, 53.440525054931641, 53.454238891601562
1.419354438781738, 0.967741906642914, 53.440586090087891, 53.454238891601562
1.419354438781738, 1.032258033752441, 53.440586090087891, 53.454238891601562
1.419354438781738, 1.096774101257324, 53.440525054931641, 53.454238891601562
1.419354438781738, 1.161290168762207, 53.440364837646484, 53.454238891601562
1.419354438781738, 1.225806236267090, 53.440052032470703, 53.454238891601562
1.419354438781738, 1.290322303771973, 53.439422607421875, 53.454238891601562
1.419354438781738, 1.354838371276855, 53.438362121582031, 53.454238891601562
1.419354438781738, 1.419354438781738, 53.436470031738281, 53.454238891601562
1.419354438781738, 1.483870506286621, 53.433570861816406, 53.454238891601562
1.419354438781738, 1.548386573791504, 53.429000854492188, 53.454238891601562
1.419354438781738, 1.612902641296387, 53.422611236572266, 53.454238891601562
1.419354438781738, 1.677418708801270, 53.413639068603516, 53.454238891601562
1.419354438781738, 1.741934776306152, 53.402133941650391, 53.454238891601562
1.419354438781738, 1.806450843811035, 53.387428283691406, 53.454238891601562
1.419354438781738, 1.870966911315918, 53.369796752929688, 53.454238891601562
1.419354438781738, 1.935482978820801, 53.349185943603516, 53.454238891601562
1.419354438781738, 1.999999046325684, 53.364200592041016, 53.454238891601562
1.483870506286621, 0.000000000000000, 52.106288909912109, 52.178226470947266
1.483870506286621, 0.064516127109528, 52.092754364013672, 52.178226470947266
1.483870506286621, 0.129032254219055, 52.107830047607422, 52.178226470947266
1.483870506286621, 0.193548381328583, 52.121105194091797, 52.178226470947266
1.483870506286621, 0.258064508438110, 52.132061004638672, 52.178226470947266
1.483870506286621, 0.322580635547638, 52.140964508056641, 52.178226470947266
1.483870506286621, 0.387096762657166, 52.147682189941406, 52.178226470947266
1.483870506286621, 0.451612889766693, 52.152721405029297, 52.178226470947266
1.483870506286621, 0.516129016876221, 52.156124114990234, 52.178226470947266
1.483870506286621, 0.580645143985748, 52.158439636230469, 52.178226470947266
1.483870506286621, 0.645161271095276, 52.159828186035156, 52.178226470947266
1.483870506286621, 0.709677398204803, 52.160682678222656, 52.178226470947266
1.483870506286621, 0.774193525314331, 52.161136627197266, 52.178226470947266
1.483870506286621, 0.838709652423859, 52.161388397216797, 52.178226470947266
1.483870506286621, 0.903225779533386, 52.161502838134766, 52.178226470947266
1.483870506286621, 0.967741906642914, 52.161552429199219, 52.178226470947266
1.483870506286621, 1.032258033752441, 52.161552429199219, 52.178226470947266
1.483870506286621, 1.096774101257324, 52.161502838134766, 52.178226470947266
1.483870506286621, 1.161290168762207, 52.161388397216797, 52.178226470947266
1.483870506286621, 1.225806236267090, 52.161136627197266, 52.178226470947266
1.483870506286621, 1.290322303771973, 52.160682678222656, 52.178226470947266
1.483870506286621, 1.354838371276855, 52.159828186035156, 52.178226470947266
1.483870506286621, 1.419354438781738, 52.158439636230469, 52.178226470947266
1.483870506286621, 1.483870506286621, 52.156124114990234, 52.178226470947266
1.483870506286621, 1.548386573791504, 52.152721405029297, 52.178226470947266
1.483870506286621, 1.612902641296387, 52.147682189941406, 52.178226470947266
1.483870506286621, 1.677418708801270, 52.140964508056641, 52.178226470947266
1.483870506286621, 1.741934776306152, 52.132061004638672, 52.178226470947266
1.483870506286621, 1.806450843811035, 52.121105194091797, 52.178226470947266
1.483870506286621, 1.870966911315918, 52.107830047607422, 52.178226470947266
1.483870506286621, 1.935482978820801, 52.092754364013672, 52.178226470947266
1.483870506286621, 1.999999046325684, 52.106288909912109, 52.178226470947266
1.548386573791504, 0.000000000000000, 51.259460449218750, 51.313022613525391
1.548386573791504, 0.064516127109528, 51.248016357421875, 51.313022613525391
1.548386573791504, 0.129032254219055, 51.258167266845703, 51.313022613525391
1.548386573791504, 0.193548381328583, 51.267169952392578, 51.313022613525391
1.548386573791504, 0.258064508438110, 51.274871826171875, 51.313022613525391
1.548386573791504, 0.322580635547638, 51.281017303466797, 51.313022613525391
1.548386573791504, 0.387096762657166, 51.285861968994141, 51.313022613525391
1.548386573791504, 0.451612889766693, 51.289348602294922, 51.313022613525391
1.548386573791504, 0.516129016876221, 51.291843414306641, 51.313022613525391
1.548386573791504, 0.580645143985748, 51.293430328369141, 51.313022613525391
1.548386573791504, 0.645161271095276, 51.294460296630859, 51.313022613525391
1.548386573791504, 0.709677398204803, 51.295036315917969, 51.313022613525391
1.548386573791504, 0.774193525314331, 51.295375823974609, 51.313022613525391
1.548386573791504, 0.838709652423859, 51.295539855957031, 51.313022613525391
1.548386573791504, 0.903225779533386, 51.295623779296875, 51.313022613525391
1.548386573791504, 0.967741906642914, 51.295658111572266, 51.313022613525391
1.548386573791504, 1.032258033752441, 51.295658111572266, 51.313022613525391
1.548386573791504, 1.096774101257324, 51.295623779296875, 51.313022613525391
1.548386573791504, 1.161290168762207, 51.295539855957031, 51.313022613525391
1.548386573791504, 1.225806236267090, 51.295375823974609, 51.313022613525391
1.548386573791504, 1.290322303771973, 51.295036315917969, 51.313022613525391
1.548386573791504, 1.354838371276855, 51.294460296630859, 51.313022613525391
1.548386573791504, 1.419354438781738, 51.293430328369141, 51.313022613525391
1.548386573791504, 1.483870506286621, 51.291843414306641, 51.313022613525391
1.548386573791504, 1.548386573791504, 51.289348602294922, 51.313022613525391
1.548386573791504, 1.612902641296387, 51.285861968994141, 51.313022613525391
1.548386573791504, 1.677418708801270, 51.281017303466797, 51.313022613525391
1.548386573791504, 1.741934776306152, 51.274871826171875, 51.313022613525391
1.548386573791504, 1.806450843811035, 51.267169952392578, 51.313022613525391
1.548386573791504, 1.870966911315918, 51.258167266845703, 51.313022613525391
1.548386573791504, 1.935482978820801, 51.248016357421875, 51.313022613525391
1.548386573791504, 1.999999046325684, 51.259460449218750, 51.313022613525391
1.612902641296387, 0.000000000000000, 50.718669891357422, 50.755989074707031
1.612902641296387, 0.064516127109528, 50.709640502929688, 50.755989074707031
1.612902641296387, 0.129032254219055, 50.715789794921875, 50.755989074707031
1.612902641296387, 0.193548381328583, 50.721481323242188, 50.755989074707031
1.612902641296387, 0.258064508438110, 50.726341247558594, 50.755989074707031
1.612902641296387, 0.322580635547638, 50.730392456054688, 50.755989074707031
1.612902641296387, 0.387096762657166, 50.733497619628906, 50.755989074707031
1.612902641296387, 0.451612889766693, 50.735847473144531, 50.755989074707031
1.612902641296387, 0.516129016876221, 50.737445831298828, 50.755989074707031
1.612902641296387, 0.580645143985748, 50.738533020019531, 50.755989074707031
1.612902641296387, 0.645161271095276, 50.739181518554688, 50.755989074707031
1.612902641296387, 0.709677398204803, 50.739578247070312, 50.755989074707031
1.612902641296387, 0.774193525314331, 50.739788055419922, 50.755989074707031
1.612902641296387, 0.838709652423859, 50.739902496337891, 50.755989074707031
1.612902641296387, 0.903225779533386, 50.739952087402344, 50.755989074707031
1.612902641296387, 0.967741906642914, 50.739974975585938, 50.755989074707031
1.612902641296387, 1.032258033752441, 50.739974975585938, 50.755989074707031
1.612902641296387, 1.096774101257324, 50.739952087402344, 50.755989074707031
1.612902641296387, 1.161290168762207, 50.739902496337891, 50.755989074707031
1.612902641296387, 1.225806236267090, 50.739788055419922, 50.755989074707031
1.612902641296387, 1.290322303771973, 50.739578247070312, 50.755989074707031
1.612902641296387, 1.354838371276855, 50.739181518554688, 50.755989074707031
1.612902641296387, 1.419354438781738, 50.738533020019531, 50.755989074707031
1.612902641296387, 1.483870506286621, 50.737445831298828, 50.755989074707031
1.612902641296387, 1.548386573791504, 50.735847473144531, 50.755989074707031
1.612902641296387, 1.612902641296387, 50.733497619628906, 50.755989074707031
1.612902641296387, 1.677418708801270, 50.730392456054688, 50.755989074707031
1.612902641296387, 1.741934776306152, 50.726341247558594, 50.755989074707031
1.612902641296387, 1.806450843811035, 50.721481323242188, 50.755989074707031
1.612902641296387, 1.870966911315918, 50.715789794921875, 50.755989074707031
1.612902641296387, 1.935482978820801, 50.709640502929688, 50.755989074707031
1.612902641296387, 1.999999046325684, 50.718669891357422, 50.755989074707031
1.677418708801270, 0.000000000000000, 50.391067504882812, 50.415466308593750
1.677418708801270, 0.064516127109528, 50.384365081787109, 50.415466308593750
1.677418708801270, 0.129032254219055, 50.387744903564453, 50.415466308593750
1.677418708801270, 0.193548381328583, 50.390968322753906, 50.415466308593750
1.677418708801270, 0.258064508438110, 50.393863677978516, 50.415466308593750
1.677418708801270, 0.322580635547638, 50.396244049072266, 50.415466308593750
1.677418708801270, 0.387096762657166, 50.398166656494141, 50.415466308593750
1.677418708801270, 0.451612889766693, 50.399570465087891, 50.415466308593750
1.677418708801270, 0.516129016876221, 50.400577545166016, 50.415466308593750
1.677418708801270, 0.580645143985748, 50.401222229003906, 50.415466308593750
1.677418708801270, 0.645161271095276, 50.401634216308594, 50.415466308593750
1.677418708801270, 0.709677398204803, 50.401866912841797, 50.415466308593750
1.677418708801270, 0.774193525314331, 50.402000427246094, 50.415466308593750
1.677418708801270, 0.838709652423859, 50.402065277099609, 50.415466308593750
1.677418708801270, 0.903225779533386, 50.402095794677734, 50.415466308593750
1.677418708801270, 0.967741906642914, 50.402107238769531, 50.415466308593750
1.677418708801270, 1.032258033752441, 50.402107238769531, 50.415466308593750
1.677418708801270, 1.096774101257324, 50.402095794677734, 50.415466308593750
1.677418708801270, 1.161290168762207, 50.402065277099609, 50.415466308593750
1.677418708801270, 1.225806236267090, 50.402000427246094, 50.415466308593750
1.677418708801270, 1.290322303771973, 50.401866912841797, 50.415466308593750
1.677418708801270, 1.354838371276855, 50.401634216308594, 50.415466308593750
1.677418708801270, 1.419354438781738, 50.401222229003906, 50.415466308593750
1.677418708801270, 1.483870506286621, 50.400577545166016, 50.415466308593750
1.677418708801270, 1.548386573791504, 50.399570465087891, 50.415466308593750
1.677418708801270, 1.612902641296387, 50.398166656494141, 50.415466308593750
1.677418708801270, 1.677418708801270, 50.396244049072266, 50.415466308593750
1.677418708801270, 1.741934776306152, 50.393863677978516, 50.415466308593750
1.677418708801270, 1.806450843811035, 50.390968322753906, 50.415466308593750
1.677418708801270, 1.870966911315918, 50.387744903564453, 50.415466308593750
1.677418708801270, 1.935482978820801, 50.384365081787109, 50.415466308593750
1.677418708801270, 1.999999046325684, 50.391067504882812, 50.415466308593750
1.741934776306152, 0.000000000000000, 50.202812194824219, 50.217811584472656
1.741934776306152, 0.064516127109528, 50.198112487792969, 50.217811584472656
1.741934776306152, 0.129032254219055, 50.199703216552734, 50.217811584472656
1.741934776306152, 0.193548381328583, 50.201374053955078, 50.217811584472656
1.741934776306152, 0.258064508438110, 50.202907562255859, 50.217811584472656
1.741934776306152, 0.322580635547638, 50.204246520996094, 50.217811584472656
1.741934776306152, 0.387096762657166, 50.205303192138672, 50.217811584472656
1.741934776306152, 0.451612889766693, 50.206115722656250, 50.217811584472656
1.741934776306152, 0.516129016876221, 50.206676483154297, 50.217811584472656
1.741934776306152, 0.580645143985748, 50.207054138183594, 50.217811584472656
1.741934776306152, 0.645161271095276, 50.207279205322266, 50.217811584472656
1.741934776306152, 0.709677398204803, 50.207416534423828, 50.217811584472656
1.741934776306152, 0.774193525314331, 50.207489013671875, 50.217811584472656
1.741934776306152, 0.838709652423859, 50.207527160644531, 50.217811584472656
1.741934776306152, 0.903225779533386, 50.207546234130859, 50.217811584472656
1.741934776306152, 0.967741906642914, 50.207550048828125, 50.217811584472656
1.741934776306152, 1.032258033752441, 50.207550048828125, 50.217811584472656
1.741934776306152, 1.096774101257324, 50.207546234130859, 50.217811584472656
1.741934776306152, 1.161290168762207, 50.207527160644531, 50.217811584472656
1.741934776306152, 1.225806236267090, 50.207489013671875, 50.217811584472656
1.741934776306152, 1.290322303771973, 50.207416534423828, 50.217811584472656
1.741934776306152, 1.354838371276855, 50.207279205322266, 50.217811584472656
1.741934776306152, 1.419354438781738, 50.207054138183594, 50.217811584472656
1.741934776306152, 1.483870506286621, 50.206676483154297, 50.217811584472656
1.741934776306152, 1.548386573791504, 50.206115722656250, 50.217811584472656
1.741934776306152, 1.612902641296387, 50.205303192138672, 50.217811584472656
1.741934776306152, 1.677418708801270, 50.204246520996094, 50.217811584472656
1.741934776306152, 1.741934776306152, 50.202907562255859, 50.217811584472656
1.741934776306152, 1.806450843811035, 50.201374053955078, 50.217811584472656
1.741934776306152, 1.870966911315918, 50.199703216552734, 50.217811584472656
1.741934776306152, 1.935482978820801, 50.198112487792969, 50.217811584472656
1.741934776306152, 1.999999046325684, 50.202812194824219, 50.217811584472656
1.806450843811035, 0.000000000000000, 50.100193023681641, 50.108875274658203
1.806450843811035, 0.064516127109528, 50.096942901611328, 50.108875274658203
1.806450843811035, 0.129032254219055, 50.097496032714844, 50.108875274658203
1.806450843811035, 0.193548381328583, 50.098217010498047, 50.108875274658203
1.806450843811035, 0.258064508438110, 50.098968505859375, 50.108875274658203
1.806450843811035, 0.322580635547638, 50.099628448486328, 50.108875274658203
1.806450843811035, 0.387096762657166, 50.100189208984375, 50.108875274658203
1.806450843811035, 0.451612889766693, 50.100605010986328, 50.108875274658203
1.806450843811035, 0.516129016876221, 50.100906372070312, 50.108875274658203
1.806450843811035, 0.580645143985748, 50.101100921630859, 50.108875274658203
1.806450843811035, 0.645161271095276, 50.101226806640625, 50.108875274658203
1.806450843811035, 0.709677398204803, 50.101291656494141, 50.108875274658203
1.806450843811035, 0.774193525314331, 50.101333618164062, 50.108875274658203
1.806450843811035, 0.838709652423859, 50.101352691650391, 50.108875274658203
1.806450843811035, 0.903225779533386, 50.101360321044922, 50.108875274658203
1.806450843811035, 0.967741906642914, 50.101364135742188, 50.108875274658203
1.806450843811035, 1.032258033752441, 50.101364135742188, 50.108875274658203
1.806450843811035, 1.096774101257324, 50.101360321044922, 50.108875274658203
1.806450843811035, 1.161290168762207, 50.101352691650391, 50.108875274658203
1.806450843811035, 1.225806236267090, 50.101333618164062, 50.108875274658203
1.806450843811035, 1.290322303771973, 50.101291656494141, 50.108875274658203
1.806450843811035, 1.354838371276855, 50.101226806640625, 50.108875274658203
1.806450843811035, 1.419354438781738, 50.101100921630859, 50.108875274658203
1.806450843811035, 1.483870506286621, 50.100906372070312, 50.108875274658203
1.806450843811035, 1.548386573791504, 50.100605010986328, 50.108875274658203
1.806450843811035, 1.612902641296387, 50.100189208984375, 50.108875274658203
1.806450843811035, 1.677418708801270, 50.099628448486328, 50.108875274658203
1.806450843811035, 1.741934776306152, 50.098968505859375, 50.108875274658203
1.806450843811035, 1.806450843811035, 50.098217010498047, 50.108875274658203
1.806450843811035, 1.870966911315918, 50.097496032714844, 50.108875274658203
1.806450843811035, 1.935482978820801, 50.096942901611328, 50.108875274658203
1.806450843811035, 1.999999046325684, 50.100193023681641, 50.108875274658203
1.870966911315918, 0.000000000000000, 50.047126770019531, 50.051864624023438
1.870966911315918, 0.064516127109528, 50.044517517089844, 50.051864624023438
1.870966911315918, 0.129032254219055, 50.044406890869141, 50.051864624023438
1.870966911315918, 0.193548381328583, 50.044616699218750, 50.051864624023438
1.870966911315918, 0.258064508438110, 50.044914245605469, 50.051864624023438
1.870966911315918, 0.322580635547638, 50.045219421386719, 50.051864624023438
1.870966911315918, 0.387096762657166, 50.045471191406250, 50.051864624023438
1.870966911315918, 0.451612889766693, 50.045677185058594, 50.051864624023438
1.870966911315918, 0.516129016876221, 50.045818328857422, 50.051864624023438
1.870966911315918, 0.580645143985748, 50.045913696289062, 50.051864624023438
1.870966911315918, 0.645161271095276, 50.045970916748047, 50.051864624023438
1.870966911315918, 0.709677398204803, 50.046005249023438, 50.051864624023438
1.870966911315918, 0.774193525314331, 50.046024322509766, 50.051864624023438
1.870966911315918, 0.838709652423859, 50.046031951904297, 50.051864624023438
1.870966911315918, 0.903225779533386, 50.046035766601562, 50.051864624023438
1.870966911315918, 0.967741906642914, 50.046035766601562, 50.051864624023438
1.870966911315918, 1.032258033752441, 50.046035766601562, 50.051864624023438
1.870966911315918, 1.096774101257324, 50.046035766601562, 50.051864624023438
1.870966911315918, 1.161290168762207, 50.046031951904297, 50.051864624023438
1.870966911315918, 1.225806236267090, 50.046024322509766, 50.051864624023438
1.870966911315918, 1.290322303771973, 50.046005249023438, 50.051864624023438
1.870966911315918, 1.354838371276855, 50.045970916748047, 50.051864624023438
1.870966911315918, 1.419354438781738, 50.045913696289062, 50.051864624023438
1.870966911315918, 1.483870506286621, 50.045818328857422, 50.051864624023438
1.870966911315918, 1.548386573791504, 50.045677185058594, 50.051864624023438
1.870966911315918, 1.612902641296387, 50.045471191406250, 50.051864624023438
1.870966911315918, 1.677418708801270, 50.045219421386719, 50.051864624023438
1.870966911315918, 1.741934776306152, 50.044914245605469, 50.051864624023438
1.870966911315918, 1.806450843811035, 50.044616699218750, 50.051864624023438
1.870966911315918, 1.870966911315918, 50.044406890869141, 50.051864624023438
1.870966911315918, 1.935482978820801, 50.044517517089844, 50.051864624023438
1.870966911315918, 1.999999046325684, 50.047126770019531, 50.051864624023438
1.935482978820801, 0.000000000000000, 50.021099090576172, 50.023540496826172
1.935482978820801, 0.064516127109528, 50.017520904541016, 50.023540496826172
1.935482978820801, 0.129032254219055, 50.016948699951172, 50.023540496826172
1.935482978820801, 0.193548381328583, 50.016895294189453, 50.023540496826172
1.935482978820801, 0.258064508438110, 50.016979217529297, 50.023540496826172
1.935482978820801, 0.322580635547638, 50.017086029052734, 50.023540496826172
1.935482978820801, 0.387096762657166, 50.017185211181641, 50.023540496826172
1.935482978820801, 0.451612889766693, 50.017261505126953, 50.023540496826172
1.935482978820801, 0.516129016876221, 50.017318725585938, 50.023540496826172
1.935482978820801, 0.580645143985748, 50.017356872558594, 50.023540496826172
1.935482978820801, 0.645161271095276, 50.017379760742188, 50.023540496826172
1.935482978820801, 0.709677398204803, 50.017391204833984, 50.023540496826172
1.935482978820801, 0.774193525314331, 50.017398834228516, 50.023540496826172
1.935482978820801, 0.838709652423859, 50.017402648925781, 50.023540496826172
1.935482978820801, 0.903225779533386, 50.017402648925781, 50.023540496826172
1.935482978820801, 0.967741906642914, 50.017402648925781, 50.023540496826172
1.935482978820801, 1.032258033752441, 50.017402648925781, 50.023540496826172
1.935482978820801, 1.096774101257324, 50.017402648925781, 50.023540496826172
1.935482978820801, 1.161290168762207, 50.017402648925781, 50.023540496826172
1.935482978820801, 1.225806236267090, 50.017398834228516, 50.023540496826172
1.935482978820801, 1.290322303771973, 50.017391204833984, 50.023540496826172
1.935482978820801, 1.354838371276855, 50.017379760742188, 50.023540496826172
1.935482978820801, 1.419354438781738, 50.017356872558594, 50.023540496826172
1.935482978820801, 1.483870506286621, 50.017318725585938, 50.023540496826172
1.935482978820801, 1.548386573791504, 50.017261505126953, 50.023540496826172
1.935482978820801, 1.612902641296387, 50.017185211181641, 50.023540496826172
1.935482978820801, 1.677418708801270, 50.017086029052734, 50.023540496826172
1.935482978820801, 1.741934776306152, 50.016979217529297, 50.023540496826172
1.935482978820801, 1.806450843811035, 50.016895294189453, 50.023540496826172
1.935482978820801, 1.870966911315918, 50.016948699951172, 50.023540496826172
1.935482978820801, 1.935482978820801, 50.017520904541016, 50.023540496826172
1.935482978820801, 1.999999046325684, 50.021099090576172, 50.023540496826172
1.999999046325684, 0.000000000000000, 50.000000000000000, 50.010173797607422
1.999999046325684, 0.064516127109528, 50.000000000000000, 50.010173797607422
1.999999046325684, 0.129032254219055, 50.000000000000000, 50.010173797607422
1.999999046325684, 0.193548381328583, 50.000000000000000, 50.010173797607422
1.999999046325684, 0.258064508438110, 50.000000000000000, 50.010173797607422
1.999999046325684, 0.322580635547638, 50.000000000000000, 50.010173797607422
1.999999046325684, 0.387096762657166, 50.000000000000000, 50.010173797607422
1.999999046325684, 0.451612889766693, 50.000000000000000, 50.010173797607422
1.999999046325684, 0.516129016876221, 50.000000000000000, 50.010173797607422
1.999999046325684, 0.580645143985748, 50.000000000000000, 50.010173797607422
1.999999046325684, 0.645161271095276, 50.000000000000000, 50.010173797607422
1.999999046325684, 0.709677398204803, 50.000000000000000, 50.010173797607422
1.999999046325684, 0.774193525314331, 50.000000000000000, 50.010173797607422
1.999999046325684, 0.838709652423859, 50.000000000000000, 50.010173797607422
1.999999046325684, 0.903225779533386, 50.000000000000000, 50.010173797607422
1.999999046325684, 0.967741906642914, 50.000000000000000, 50.010173797607422
1.999999046325684, 1.032258033752441, 50.000000000000000, 50.010173797607422
1.999999046325684, 1.096774101257324, 50.000000000000000, 50.010173797607422
1.999999046325684, 1.161290168762207, 50.000000000000000, 50.010173797607422
1.999999046325684, 1.225806236267090, 50.000000000000000, 50.010173797607422
1.999999046325684, 1.290322303771973, 50.000000000000000, 50.010173797607422
1.999999046325684, 1.354838371276855, 50.000000000000000, 50.010173797607422
1.999999046325684, 1.419354438781738, 50.000000000000000, 50.010173797607422
1.999999046325684, 1.483870506286621, 50.000000000000000, 50.010173797607422
1.999999046325684, 1.548386573791504, 50.000000000000000, 50.010173797607422
1.999999046325684, 1.612902641296387, 50.000000000000000, 50.010173797607422
1.999999046325684, 1.677418708801270, 50.000000000000000, 50.010173797607422
1.999999046325684, 1.741934776306152, 50.000000000000000, 50.010173797607422
1.999999046325684, 1.806450843811035, 50.000000000000000, 50.010173797607422
1.999999046325684, 1.870966911315918, 50.000000000000000, 50.010173797607422
1.999999046325684, 1.935482978820801, 50.000000000000000, 50.010173797607422
1.999999046325684, 1.999999046325684, 50.000000000000000, 50.010173797607422
