CURRENT TIME : 0.020000
VARIABLES : y - x - T - Te
ZONE T='Only Zone', I= 32, J=32  F=POINT
0.000000000000000, 0.000000000000000, 100.000000000000000, 99.999984741210938
0.000000000000000, 0.064516127109528, 100.000000000000000, 99.999984741210938
0.000000000000000, 0.129032254219055, 100.000000000000000, 99.999984741210938
0.000000000000000, 0.193548381328583, 100.000000000000000, 99.999984741210938
0.000000000000000, 0.258064508438110, 100.000000000000000, 99.999984741210938
0.000000000000000, 0.322580635547638, 100.000000000000000, 99.999984741210938
0.000000000000000, 0.387096762657166, 100.000000000000000, 99.999984741210938
0.000000000000000, 0.451612889766693, 100.000000000000000, 99.999984741210938
0.000000000000000, 0.516129016876221, 100.000000000000000, 99.999984741210938
0.000000000000000, 0.580645143985748, 100.000000000000000, 99.999984741210938
0.000000000000000, 0.645161271095276, 100.000000000000000, 99.999984741210938
0.000000000000000, 0.709677398204803, 100.000000000000000, 99.999984741210938
0.000000000000000, 0.774193525314331, 100.000000000000000, 99.999984741210938
0.000000000000000, 0.838709652423859, 100.000000000000000, 99.999984741210938
0.000000000000000, 0.903225779533386, 100.000000000000000, 99.999984741210938
0.000000000000000, 0.967741906642914, 100.000000000000000, 99.999984741210938
0.000000000000000, 1.032258033752441, 100.000000000000000, 99.999984741210938
0.000000000000000, 1.096774101257324, 100.000000000000000, 99.999984741210938
0.000000000000000, 1.161290168762207, 100.000000000000000, 99.999984741210938
0.000000000000000, 1.225806236267090, 100.000000000000000, 99.999984741210938
0.000000000000000, 1.290322303771973, 100.000000000000000, 99.999984741210938
0.000000000000000, 1.354838371276855, 100.000000000000000, 99.999984741210938
0.000000000000000, 1.419354438781738, 100.000000000000000, 99.999984741210938
0.000000000000000, 1.483870506286621, 100.000000000000000, 99.999984741210938
0.000000000000000, 1.548386573791504, 100.000000000000000, 99.999984741210938
0.000000000000000, 1.612902641296387, 100.000000000000000, 99.999984741210938
0.000000000000000, 1.677418708801270, 100.000000000000000, 99.999984741210938
0.000000000000000, 1.741934776306152, 100.000000000000000, 99.999984741210938
0.000000000000000, 1.806450843811035, 100.000000000000000, 99.999984741210938
0.000000000000000, 1.870966911315918, 100.000000000000000, 99.999984741210938
0.000000000000000, 1.935482978820801, 100.000000000000000, 99.999984741210938
0.000000000000000, 1.999999046325684, 100.000000000000000, 99.999984741210938
0.064516127109528, 0.000000000000000, 99.999954223632812, 99.999923706054688
0.064516127109528, 0.064516127109528, 99.999977111816406, 99.999923706054688
0.064516127109528, 0.129032254219055, 99.999977111816406, 99.999923706054688
0.064516127109528, 0.193548381328583, 99.999984741210938, 99.999923706054688
0.064516127109528, 0.258064508438110, 99.999984741210938, 99.999923706054688
0.064516127109528, 0.322580635547638, 99.999984741210938, 99.999923706054688
0.064516127109528, 0.387096762657166, 99.999984741210938, 99.999923706054688
0.064516127109528, 0.451612889766693, 99.999984741210938, 99.999923706054688
0.064516127109528, 0.516129016876221, 99.999984741210938, 99.999923706054688
0.064516127109528, 0.580645143985748, 99.999984741210938, 99.999923706054688
0.064516127109528, 0.645161271095276, 99.999984741210938, 99.999923706054688
0.064516127109528, 0.709677398204803, 99.999984741210938, 99.999923706054688
0.064516127109528, 0.774193525314331, 99.999984741210938, 99.999923706054688
0.064516127109528, 0.838709652423859, 99.999984741210938, 99.999923706054688
0.064516127109528, 0.903225779533386, 99.999984741210938, 99.999923706054688
0.064516127109528, 0.967741906642914, 99.999984741210938, 99.999923706054688
0.064516127109528, 1.032258033752441, 99.999984741210938, 99.999923706054688
0.064516127109528, 1.096774101257324, 99.999984741210938, 99.999923706054688
0.064516127109528, 1.161290168762207, 99.999984741210938, 99.999923706054688
0.064516127109528, 1.225806236267090, 99.999984741210938, 99.999923706054688
0.064516127109528, 1.290322303771973, 99.999984741210938, 99.999923706054688
0.064516127109528, 1.354838371276855, 99.999984741210938, 99.999923706054688
0.064516127109528, 1.419354438781738, 99.999984741210938, 99.999923706054688
0.064516127109528, 1.483870506286621, 99.999984741210938, 99.999923706054688
0.064516127109528, 1.548386573791504, 99.999984741210938, 99.999923706054688
0.064516127109528, 1.612902641296387, 99.999984741210938, 99.999923706054688
0.064516127109528, 1.677418708801270, 99.999984741210938, 99.999923706054688
0.064516127109528, 1.741934776306152, 99.999984741210938, 99.999923706054688
0.064516127109528, 1.806450843811035, 99.999984741210938, 99.999923706054688
0.064516127109528, 1.870966911315918, 99.999977111816406, 99.999923706054688
0.064516127109528, 1.935482978820801, 99.999977111816406, 99.999923706054688
0.064516127109528, 1.999999046325684, 99.999954223632812, 99.999923706054688
0.129032254219055, 0.000000000000000, 99.999771118164062, 99.999664306640625
0.129032254219055, 0.064516127109528, 99.999839782714844, 99.999664306640625
0.129032254219055, 0.129032254219055, 99.999862670898438, 99.999664306640625
0.129032254219055, 0.193548381328583, 99.999862670898438, 99.999664306640625
0.129032254219055, 0.258064508438110, 99.999870300292969, 99.999664306640625
0.129032254219055, 0.322580635547638, 99.999862670898438, 99.999664306640625
0.129032254219055, 0.387096762657166, 99.999862670898438, 99.999664306640625
0.129032254219055, 0.451612889766693, 99.999862670898438, 99.999664306640625
0.129032254219055, 0.516129016876221, 99.999862670898438, 99.999664306640625
0.129032254219055, 0.580645143985748, 99.999862670898438, 99.999664306640625
0.129032254219055, 0.645161271095276, 99.999862670898438, 99.999664306640625
0.129032254219055, 0.709677398204803, 99.999862670898438, 99.999664306640625
0.129032254219055, 0.774193525314331, 99.999862670898438, 99.999664306640625
0.129032254219055, 0.838709652423859, 99.999862670898438, 99.999664306640625
0.129032254219055, 0.903225779533386, 99.999862670898438, 99.999664306640625
0.129032254219055, 0.967741906642914, 99.999862670898438, 99.999664306640625
0.129032254219055, 1.032258033752441, 99.999862670898438, 99.999664306640625
0.129032254219055, 1.096774101257324, 99.999862670898438, 99.999664306640625
0.129032254219055, 1.161290168762207, 99.999862670898438, 99.999664306640625
0.129032254219055, 1.225806236267090, 99.999862670898438, 99.999664306640625
0.129032254219055, 1.290322303771973, 99.999862670898438, 99.999664306640625
0.129032254219055, 1.354838371276855, 99.999862670898438, 99.999664306640625
0.129032254219055, 1.419354438781738, 99.999862670898438, 99.999664306640625
0.129032254219055, 1.483870506286621, 99.999862670898438, 99.999664306640625
0.129032254219055, 1.548386573791504, 99.999862670898438, 99.999664306640625
0.129032254219055, 1.612902641296387, 99.999862670898438, 99.999664306640625
0.129032254219055, 1.677418708801270, 99.999862670898438, 99.999664306640625
0.129032254219055, 1.741934776306152, 99.999870300292969, 99.999664306640625
0.129032254219055, 1.806450843811035, 99.999862670898438, 99.999664306640625
0.129032254219055, 1.870966911315918, 99.999862670898438, 99.999664306640625
0.129032254219055, 1.935482978820801, 99.999839782714844, 99.999664306640625
0.129032254219055, 1.999999046325684, 99.999771118164062, 99.999664306640625
0.193548381328583, 0.000000000000000, 99.999000549316406, 99.998619079589844
0.193548381328583, 0.064516127109528, 99.999237060546875, 99.998619079589844
0.193548381328583, 0.129032254219055, 99.999267578125000, 99.998619079589844
0.193548381328583, 0.193548381328583, 99.999282836914062, 99.998619079589844
0.193548381328583, 0.258064508438110, 99.999275207519531, 99.998619079589844
0.193548381328583, 0.322580635547638, 99.999267578125000, 99.998619079589844
0.193548381328583, 0.387096762657166, 99.999267578125000, 99.998619079589844
0.193548381328583, 0.451612889766693, 99.999267578125000, 99.998619079589844
0.193548381328583, 0.516129016876221, 99.999267578125000, 99.998619079589844
0.193548381328583, 0.580645143985748, 99.999267578125000, 99.998619079589844
0.193548381328583, 0.645161271095276, 99.999267578125000, 99.998619079589844
0.193548381328583, 0.709677398204803, 99.999267578125000, 99.998619079589844
0.193548381328583, 0.774193525314331, 99.999267578125000, 99.998619079589844
0.193548381328583, 0.838709652423859, 99.999267578125000, 99.998619079589844
0.193548381328583, 0.903225779533386, 99.999267578125000, 99.998619079589844
0.193548381328583, 0.967741906642914, 99.999267578125000, 99.998619079589844
0.193548381328583, 1.032258033752441, 99.999267578125000, 99.998619079589844
0.193548381328583, 1.096774101257324, 99.999267578125000, 99.998619079589844
0.193548381328583, 1.161290168762207, 99.999267578125000, 99.998619079589844
0.193548381328583, 1.225806236267090, 99.999267578125000, 99.998619079589844
0.193548381328583, 1.290322303771973, 99.999267578125000, 99.998619079589844
0.193548381328583, 1.354838371276855, 99.999267578125000, 99.998619079589844
0.193548381328583, 1.419354438781738, 99.999267578125000, 99.998619079589844
0.193548381328583, 1.483870506286621, 99.999267578125000, 99.998619079589844
0.193548381328583, 1.548386573791504, 99.999267578125000, 99.998619079589844
0.193548381328583, 1.612902641296387, 99.999267578125000, 99.998619079589844
0.193548381328583, 1.677418708801270, 99.999267578125000, 99.998619079589844
0.193548381328583, 1.741934776306152, 99.999275207519531, 99.998619079589844
0.193548381328583, 1.806450843811035, 99.999282836914062, 99.998619079589844
0.193548381328583, 1.870966911315918, 99.999267578125000, 99.998619079589844
0.193548381328583, 1.935482978820801, 99.999237060546875, 99.998619079589844
0.193548381328583, 1.999999046325684, 99.999000549316406, 99.998619079589844
0.258064508438110, 0.000000000000000, 99.996063232421875, 99.994812011718750
0.258064508438110, 0.064516127109528, 99.996719360351562, 99.994812011718750
0.258064508438110, 0.129032254219055, 99.996780395507812, 99.994812011718750
0.258064508438110, 0.193548381328583, 99.996742248535156, 99.994812011718750
0.258064508438110, 0.258064508438110, 99.996711730957031, 99.994812011718750
0.258064508438110, 0.322580635547638, 99.996665954589844, 99.994812011718750
0.258064508438110, 0.387096762657166, 99.996650695800781, 99.994812011718750
0.258064508438110, 0.451612889766693, 99.996635437011719, 99.994812011718750
0.258064508438110, 0.516129016876221, 99.996635437011719, 99.994812011718750
0.258064508438110, 0.580645143985748, 99.996635437011719, 99.994812011718750
0.258064508438110, 0.645161271095276, 99.996635437011719, 99.994812011718750
0.258064508438110, 0.709677398204803, 99.996635437011719, 99.994812011718750
0.258064508438110, 0.774193525314331, 99.996635437011719, 99.994812011718750
0.258064508438110, 0.838709652423859, 99.996635437011719, 99.994812011718750
0.258064508438110, 0.903225779533386, 99.996635437011719, 99.994812011718750
0.258064508438110, 0.967741906642914, 99.996635437011719, 99.994812011718750
0.258064508438110, 1.032258033752441, 99.996635437011719, 99.994812011718750
0.258064508438110, 1.096774101257324, 99.996635437011719, 99.994812011718750
0.258064508438110, 1.161290168762207, 99.996635437011719, 99.994812011718750
0.258064508438110, 1.225806236267090, 99.996635437011719, 99.994812011718750
0.258064508438110, 1.290322303771973, 99.996635437011719, 99.994812011718750
0.258064508438110, 1.354838371276855, 99.996635437011719, 99.994812011718750
0.258064508438110, 1.419354438781738, 99.996635437011719, 99.994812011718750
0.258064508438110, 1.483870506286621, 99.996635437011719, 99.994812011718750
0.258064508438110, 1.548386573791504, 99.996635437011719, 99.994812011718750
0.258064508438110, 1.612902641296387, 99.996650695800781, 99.994812011718750
0.258064508438110, 1.677418708801270, 99.996665954589844, 99.994812011718750
0.258064508438110, 1.741934776306152, 99.996711730957031, 99.994812011718750
0.258064508438110, 1.806450843811035, 99.996742248535156, 99.994812011718750
0.258064508438110, 1.870966911315918, 99.996780395507812, 99.994812011718750
0.258064508438110, 1.935482978820801, 99.996719360351562, 99.994812011718750
0.258064508438110, 1.999999046325684, 99.996063232421875, 99.994812011718750
0.322580635547638, 0.000000000000000, 99.986015319824219, 99.982337951660156
0.322580635547638, 0.064516127109528, 99.987632751464844, 99.982337951660156
0.322580635547638, 0.129032254219055, 99.987533569335938, 99.982337951660156
0.322580635547638, 0.193548381328583, 99.987350463867188, 99.982337951660156
0.322580635547638, 0.258064508438110, 99.987091064453125, 99.982337951660156
0.322580635547638, 0.322580635547638, 99.986968994140625, 99.982337951660156
0.322580635547638, 0.387096762657166, 99.986862182617188, 99.982337951660156
0.322580635547638, 0.451612889766693, 99.986831665039062, 99.982337951660156
0.322580635547638, 0.516129016876221, 99.986808776855469, 99.982337951660156
0.322580635547638, 0.580645143985748, 99.986808776855469, 99.982337951660156
0.322580635547638, 0.645161271095276, 99.986808776855469, 99.982337951660156
0.322580635547638, 0.709677398204803, 99.986808776855469, 99.982337951660156
0.322580635547638, 0.774193525314331, 99.986808776855469, 99.982337951660156
0.322580635547638, 0.838709652423859, 99.986808776855469, 99.982337951660156
0.322580635547638, 0.903225779533386, 99.986808776855469, 99.982337951660156
0.322580635547638, 0.967741906642914, 99.986808776855469, 99.982337951660156
0.322580635547638, 1.032258033752441, 99.986808776855469, 99.982337951660156
0.322580635547638, 1.096774101257324, 99.986808776855469, 99.982337951660156
0.322580635547638, 1.161290168762207, 99.986808776855469, 99.982337951660156
0.322580635547638, 1.225806236267090, 99.986808776855469, 99.982337951660156
0.322580635547638, 1.290322303771973, 99.986808776855469, 99.982337951660156
0.322580635547638, 1.354838371276855, 99.986808776855469, 99.982337951660156
0.322580635547638, 1.419354438781738, 99.986808776855469, 99.982337951660156
0.322580635547638, 1.483870506286621, 99.986808776855469, 99.982337951660156
0.322580635547638, 1.548386573791504, 99.986831665039062, 99.982337951660156
0.322580635547638, 1.612902641296387, 99.986862182617188, 99.982337951660156
0.322580635547638, 1.677418708801270, 99.986968994140625, 99.982337951660156
0.322580635547638, 1.741934776306152, 99.987091064453125, 99.982337951660156
0.322580635547638, 1.806450843811035, 99.987350463867188, 99.982337951660156
0.322580635547638, 1.870966911315918, 99.987533569335938, 99.982337951660156
0.322580635547638, 1.935482978820801, 99.987632751464844, 99.982337951660156
0.322580635547638, 1.999999046325684, 99.986015319824219, 99.982337951660156
0.387096762657166, 0.000000000000000, 99.955078125000000, 99.945495605468750
0.387096762657166, 0.064516127109528, 99.958465576171875, 99.945495605468750
0.387096762657166, 0.129032254219055, 99.957794189453125, 99.945495605468750
0.387096762657166, 0.193548381328583, 99.956741333007812, 99.945495605468750
0.387096762657166, 0.258064508438110, 99.956062316894531, 99.945495605468750
0.387096762657166, 0.322580635547638, 99.955429077148438, 99.945495605468750
0.387096762657166, 0.387096762657166, 99.955184936523438, 99.945495605468750
0.387096762657166, 0.451612889766693, 99.955001831054688, 99.945495605468750
0.387096762657166, 0.516129016876221, 99.954963684082031, 99.945495605468750
0.387096762657166, 0.580645143985748, 99.954933166503906, 99.945495605468750
0.387096762657166, 0.645161271095276, 99.954933166503906, 99.945495605468750
0.387096762657166, 0.709677398204803, 99.954925537109375, 99.945495605468750
0.387096762657166, 0.774193525314331, 99.954925537109375, 99.945495605468750
0.387096762657166, 0.838709652423859, 99.954925537109375, 99.945495605468750
0.387096762657166, 0.903225779533386, 99.954925537109375, 99.945495605468750
0.387096762657166, 0.967741906642914, 99.954925537109375, 99.945495605468750
0.387096762657166, 1.032258033752441, 99.954925537109375, 99.945495605468750
0.387096762657166, 1.096774101257324, 99.954925537109375, 99.945495605468750
0.387096762657166, 1.161290168762207, 99.954925537109375, 99.945495605468750
0.387096762657166, 1.225806236267090, 99.954925537109375, 99.945495605468750
0.387096762657166, 1.290322303771973, 99.954925537109375, 99.945495605468750
0.387096762657166, 1.354838371276855, 99.954933166503906, 99.945495605468750
0.387096762657166, 1.419354438781738, 99.954933166503906, 99.945495605468750
0.387096762657166, 1.483870506286621, 99.954963684082031, 99.945495605468750
0.387096762657166, 1.548386573791504, 99.955001831054688, 99.945495605468750
0.387096762657166, 1.612902641296387, 99.955184936523438, 99.945495605468750
0.387096762657166, 1.677418708801270, 99.955429077148438, 99.945495605468750
0.387096762657166, 1.741934776306152, 99.956062316894531, 99.945495605468750
0.387096762657166, 1.806450843811035, 99.956741333007812, 99.945495605468750
0.387096762657166, 1.870966911315918, 99.957794189453125, 99.945495605468750
0.387096762657166, 1.935482978820801, 99.958465576171875, 99.945495605468750
0.387096762657166, 1.999999046325684, 99.955078125000000, 99.945495605468750
0.451612889766693, 0.000000000000000, 99.869552612304688, 99.847305297851562
0.451612889766693, 0.064516127109528, 99.875915527343750, 99.847305297851562
0.451612889766693, 0.129032254219055, 99.872711181640625, 99.847305297851562
0.451612889766693, 0.193548381328583, 99.869995117187500, 99.847305297851562
0.451612889766693, 0.258064508438110, 99.867416381835938, 99.847305297851562
0.451612889766693, 0.322580635547638, 99.866081237792969, 99.847305297851562
0.451612889766693, 0.387096762657166, 99.865036010742188, 99.847305297851562
0.451612889766693, 0.451612889766693, 99.864685058593750, 99.847305297851562
0.451612889766693, 0.516129016876221, 99.864448547363281, 99.847305297851562
0.451612889766693, 0.580645143985748, 99.864402770996094, 99.847305297851562
0.451612889766693, 0.645161271095276, 99.864379882812500, 99.847305297851562
0.451612889766693, 0.709677398204803, 99.864372253417969, 99.847305297851562
0.451612889766693, 0.774193525314331, 99.864372253417969, 99.847305297851562
0.451612889766693, 0.838709652423859, 99.864372253417969, 99.847305297851562
0.451612889766693, 0.903225779533386, 99.864372253417969, 99.847305297851562
0.451612889766693, 0.967741906642914, 99.864372253417969, 99.847305297851562
0.451612889766693, 1.032258033752441, 99.864372253417969, 99.847305297851562
0.451612889766693, 1.096774101257324, 99.864372253417969, 99.847305297851562
0.451612889766693, 1.161290168762207, 99.864372253417969, 99.847305297851562
0.451612889766693, 1.225806236267090, 99.864372253417969, 99.847305297851562
0.451612889766693, 1.290322303771973, 99.864372253417969, 99.847305297851562
0.451612889766693, 1.354838371276855, 99.864379882812500, 99.847305297851562
0.451612889766693, 1.419354438781738, 99.864402770996094, 99.847305297851562
0.451612889766693, 1.483870506286621, 99.864448547363281, 99.847305297851562
0.451612889766693, 1.548386573791504, 99.864685058593750, 99.847305297851562
0.451612889766693, 1.612902641296387, 99.865036010742188, 99.847305297851562
0.451612889766693, 1.677418708801270, 99.866081237792969, 99.847305297851562
0.451612889766693, 1.741934776306152, 99.867416381835938, 99.847305297851562
0.451612889766693, 1.806450843811035, 99.869995117187500, 99.847305297851562
0.451612889766693, 1.870966911315918, 99.872711181640625, 99.847305297851562
0.451612889766693, 1.935482978820801, 99.875915527343750, 99.847305297851562
0.451612889766693, 1.999999046325684, 99.869552612304688, 99.847305297851562
0.516129016876221, 0.000000000000000, 99.657135009765625, 99.611297607421875
0.516129016876221, 0.064516127109528, 99.666931152343750, 99.611297607421875
0.516129016876221, 0.129032254219055, 99.658760070800781, 99.611297607421875
0.516129016876221, 0.193548381328583, 99.650680541992188, 99.611297607421875
0.516129016876221, 0.258064508438110, 99.645538330078125, 99.611297607421875
0.516129016876221, 0.322580635547638, 99.641326904296875, 99.611297607421875
0.516129016876221, 0.387096762657166, 99.639480590820312, 99.611297607421875
0.516129016876221, 0.451612889766693, 99.638160705566406, 99.611297607421875
0.516129016876221, 0.516129016876221, 99.637779235839844, 99.611297607421875
0.516129016876221, 0.580645143985748, 99.637542724609375, 99.611297607421875
0.516129016876221, 0.645161271095276, 99.637504577636719, 99.611297607421875
0.516129016876221, 0.709677398204803, 99.637481689453125, 99.611297607421875
0.516129016876221, 0.774193525314331, 99.637481689453125, 99.611297607421875
0.516129016876221, 0.838709652423859, 99.637481689453125, 99.611297607421875
0.516129016876221, 0.903225779533386, 99.637481689453125, 99.611297607421875
0.516129016876221, 0.967741906642914, 99.637481689453125, 99.611297607421875
0.516129016876221, 1.032258033752441, 99.637481689453125, 99.611297607421875
0.516129016876221, 1.096774101257324, 99.637481689453125, 99.611297607421875
0.516129016876221, 1.161290168762207, 99.637481689453125, 99.611297607421875
0.516129016876221, 1.225806236267090, 99.637481689453125, 99.611297607421875
0.516129016876221, 1.290322303771973, 99.637481689453125, 99.611297607421875
0.516129016876221, 1.354838371276855, 99.637504577636719, 99.611297607421875
0.516129016876221, 1.419354438781738, 99.637542724609375, 99.611297607421875
0.516129016876221, 1.483870506286621, 99.637779235839844, 99.611297607421875
0.516129016876221, 1.548386573791504, 99.638160705566406, 99.611297607421875
0.516129016876221, 1.612902641296387, 99.639480590820312, 99.611297607421875
0.516129016876221, 1.677418708801270, 99.641326904296875, 99.611297607421875
0.516129016876221, 1.741934776306152, 99.645538330078125, 99.611297607421875
0.516129016876221, 1.806450843811035, 99.650680541992188, 99.611297607421875
0.516129016876221, 1.870966911315918, 99.658760070800781, 99.611297607421875
0.516129016876221, 1.935482978820801, 99.666931152343750, 99.611297607421875
0.516129016876221, 1.999999046325684, 99.657135009765625, 99.611297607421875
0.580645143985748, 0.000000000000000, 99.183082580566406, 99.099662780761719
0.580645143985748, 0.064516127109528, 99.196731567382812, 99.099662780761719
0.580645143985748, 0.129032254219055, 99.176734924316406, 99.099662780761719
0.580645143985748, 0.193548381328583, 99.161674499511719, 99.099662780761719
0.580645143985748, 0.258064508438110, 99.148864746093750, 99.099662780761719
0.580645143985748, 0.322580635547638, 99.142044067382812, 99.099662780761719
0.580645143985748, 0.387096762657166, 99.136871337890625, 99.099662780761719
0.580645143985748, 0.451612889766693, 99.134941101074219, 99.099662780761719
0.580645143985748, 0.516129016876221, 99.133628845214844, 99.099662780761719
0.580645143985748, 0.580645143985748, 99.133308410644531, 99.099662780761719
0.580645143985748, 0.645161271095276, 99.133117675781250, 99.099662780761719
0.580645143985748, 0.709677398204803, 99.133087158203125, 99.099662780761719
0.580645143985748, 0.774193525314331, 99.133071899414062, 99.099662780761719
0.580645143985748, 0.838709652423859, 99.133071899414062, 99.099662780761719
0.580645143985748, 0.903225779533386, 99.133071899414062, 99.099662780761719
0.580645143985748, 0.967741906642914, 99.133071899414062, 99.099662780761719
0.580645143985748, 1.032258033752441, 99.133071899414062, 99.099662780761719
0.580645143985748, 1.096774101257324, 99.133071899414062, 99.099662780761719
0.580645143985748, 1.161290168762207, 99.133071899414062, 99.099662780761719
0.580645143985748, 1.225806236267090, 99.133071899414062, 99.099662780761719
0.580645143985748, 1.290322303771973, 99.133087158203125, 99.099662780761719
0.580645143985748, 1.354838371276855, 99.133117675781250, 99.099662780761719
0.580645143985748, 1.419354438781738, 99.133308410644531, 99.099662780761719
0.580645143985748, 1.483870506286621, 99.133628845214844, 99.099662780761719
0.580645143985748, 1.548386573791504, 99.134941101074219, 99.099662780761719
0.580645143985748, 1.612902641296387, 99.136871337890625, 99.099662780761719
0.580645143985748, 1.677418708801270, 99.142044067382812, 99.099662780761719
0.580645143985748, 1.741934776306152, 99.148864746093750, 99.099662780761719
0.580645143985748, 1.806450843811035, 99.161674499511719, 99.099662780761719
0.580645143985748, 1.870966911315918, 99.176734924316406, 99.099662780761719
0.580645143985748, 1.935482978820801, 99.196731567382812, 99.099662780761719
0.580645143985748, 1.999999046325684, 99.183082580566406, 99.099662780761719
0.645161271095276, 0.000000000000000, 98.232551574707031, 98.099220275878906
0.645161271095276, 0.064516127109528, 98.247207641601562, 98.099220275878906
0.645161271095276, 0.129032254219055, 98.212654113769531, 98.099220275878906
0.645161271095276, 0.193548381328583, 98.182220458984375, 98.099220275878906
0.645161271095276, 0.258064508438110, 98.163253784179688, 98.099220275878906
0.645161271095276, 0.322580635547638, 98.148162841796875, 98.099220275878906
0.645161271095276, 0.387096762657166, 98.141365051269531, 98.099220275878906
0.645161271095276, 0.451612889766693, 98.136383056640625, 98.099220275878906
0.645161271095276, 0.516129016876221, 98.134834289550781, 98.099220275878906
0.645161271095276, 0.580645143985748, 98.133796691894531, 98.099220275878906
0.645161271095276, 0.645161271095276, 98.133598327636719, 98.099220275878906
0.645161271095276, 0.709677398204803, 98.133468627929688, 98.099220275878906
0.645161271095276, 0.774193525314331, 98.133453369140625, 98.099220275878906
0.645161271095276, 0.838709652423859, 98.133445739746094, 98.099220275878906
0.645161271095276, 0.903225779533386, 98.133445739746094, 98.099220275878906
0.645161271095276, 0.967741906642914, 98.133445739746094, 98.099220275878906
0.645161271095276, 1.032258033752441, 98.133445739746094, 98.099220275878906
0.645161271095276, 1.096774101257324, 98.133445739746094, 98.099220275878906
0.645161271095276, 1.161290168762207, 98.133445739746094, 98.099220275878906
0.645161271095276, 1.225806236267090, 98.133453369140625, 98.099220275878906
0.645161271095276, 1.290322303771973, 98.133468627929688, 98.099220275878906
0.645161271095276, 1.354838371276855, 98.133598327636719, 98.099220275878906
0.645161271095276, 1.419354438781738, 98.133796691894531, 98.099220275878906
0.645161271095276, 1.483870506286621, 98.134834289550781, 98.099220275878906
0.645161271095276, 1.548386573791504, 98.136383056640625, 98.099220275878906
0.645161271095276, 1.612902641296387, 98.141365051269531, 98.099220275878906
0.645161271095276, 1.677418708801270, 98.148162841796875, 98.099220275878906
0.645161271095276, 1.741934776306152, 98.163253784179688, 98.099220275878906
0.645161271095276, 1.806450843811035, 98.182220458984375, 98.099220275878906
0.645161271095276, 1.870966911315918, 98.212654113769531, 98.099220275878906
0.645161271095276, 1.935482978820801, 98.247207641601562, 98.099220275878906
0.645161271095276, 1.999999046325684, 98.232551574707031, 98.099220275878906
0.709677398204803, 0.000000000000000, 96.520103454589844, 96.334770202636719
0.709677398204803, 0.064516127109528, 96.534751892089844, 96.334770202636719
0.709677398204803, 0.129032254219055, 96.477455139160156, 96.334770202636719
0.709677398204803, 0.193548381328583, 96.436645507812500, 96.334770202636719
0.709677398204803, 0.258064508438110, 96.402847290039062, 96.334770202636719
0.709677398204803, 0.322580635547638, 96.385147094726562, 96.334770202636719
0.709677398204803, 0.387096762657166, 96.371322631835938, 96.334770202636719
0.709677398204803, 0.451612889766693, 96.366188049316406, 96.334770202636719
0.709677398204803, 0.516129016876221, 96.362388610839844, 96.334770202636719
0.709677398204803, 0.580645143985748, 96.361457824707031, 96.334770202636719
0.709677398204803, 0.645161271095276, 96.360809326171875, 96.334770202636719
0.709677398204803, 0.709677398204803, 96.360717773437500, 96.334770202636719
0.709677398204803, 0.774193525314331, 96.360649108886719, 96.334770202636719
0.709677398204803, 0.838709652423859, 96.360641479492188, 96.334770202636719
0.709677398204803, 0.903225779533386, 96.360641479492188, 96.334770202636719
0.709677398204803, 0.967741906642914, 96.360641479492188, 96.334770202636719
0.709677398204803, 1.032258033752441, 96.360641479492188, 96.334770202636719
0.709677398204803, 1.096774101257324, 96.360641479492188, 96.334770202636719
0.709677398204803, 1.161290168762207, 96.360641479492188, 96.334770202636719
0.709677398204803, 1.225806236267090, 96.360649108886719, 96.334770202636719
0.709677398204803, 1.290322303771973, 96.360717773437500, 96.334770202636719
0.709677398204803, 1.354838371276855, 96.360809326171875, 96.334770202636719
0.709677398204803, 1.419354438781738, 96.361457824707031, 96.334770202636719
0.709677398204803, 1.483870506286621, 96.362388610839844, 96.334770202636719
0.709677398204803, 1.548386573791504, 96.366188049316406, 96.334770202636719
0.709677398204803, 1.612902641296387, 96.371322631835938, 96.334770202636719
0.709677398204803, 1.677418708801270, 96.385147094726562, 96.334770202636719
0.709677398204803, 1.741934776306152, 96.402847290039062, 96.334770202636719
0.709677398204803, 1.806450843811035, 96.436645507812500, 96.334770202636719
0.709677398204803, 1.870966911315918, 96.477455139160156, 96.334770202636719
0.709677398204803, 1.935482978820801, 96.534751892089844, 96.334770202636719
0.709677398204803, 1.999999046325684, 96.520103454589844, 96.334770202636719
0.774193525314331, 0.000000000000000, 93.748168945312500, 93.527893066406250
0.774193525314331, 0.064516127109528, 93.757263183593750, 93.527893066406250
0.774193525314331, 0.129032254219055, 93.688880920410156, 93.527893066406250
0.774193525314331, 0.193548381328583, 93.630256652832031, 93.527893066406250
0.774193525314331, 0.258064508438110, 93.595390319824219, 93.527893066406250
0.774193525314331, 0.322580635547638, 93.566596984863281, 93.527893066406250
0.774193525314331, 0.387096762657166, 93.554344177246094, 93.527893066406250
0.774193525314331, 0.451612889766693, 93.544410705566406, 93.527893066406250
0.774193525314331, 0.516129016876221, 93.541564941406250, 93.527893066406250
0.774193525314331, 0.580645143985748, 93.539291381835938, 93.527893066406250
0.774193525314331, 0.645161271095276, 93.538894653320312, 93.527893066406250
0.774193525314331, 0.709677398204803, 93.538566589355469, 93.527893066406250
0.774193525314331, 0.774193525314331, 93.538536071777344, 93.527893066406250
0.774193525314331, 0.838709652423859, 93.538513183593750, 93.527893066406250
0.774193525314331, 0.903225779533386, 93.538513183593750, 93.527893066406250
0.774193525314331, 0.967741906642914, 93.538513183593750, 93.527893066406250
0.774193525314331, 1.032258033752441, 93.538513183593750, 93.527893066406250
0.774193525314331, 1.096774101257324, 93.538513183593750, 93.527893066406250
0.774193525314331, 1.161290168762207, 93.538513183593750, 93.527893066406250
0.774193525314331, 1.225806236267090, 93.538536071777344, 93.527893066406250
0.774193525314331, 1.290322303771973, 93.538566589355469, 93.527893066406250
0.774193525314331, 1.354838371276855, 93.538894653320312, 93.527893066406250
0.774193525314331, 1.419354438781738, 93.539291381835938, 93.527893066406250
0.774193525314331, 1.483870506286621, 93.541564941406250, 93.527893066406250
0.774193525314331, 1.548386573791504, 93.544410705566406, 93.527893066406250
0.774193525314331, 1.612902641296387, 93.554344177246094, 93.527893066406250
0.774193525314331, 1.677418708801270, 93.566596984863281, 93.527893066406250
0.774193525314331, 1.741934776306152, 93.595390319824219, 93.527893066406250
0.774193525314331, 1.806450843811035, 93.630256652832031, 93.527893066406250
0.774193525314331, 1.870966911315918, 93.688880920410156, 93.527893066406250
0.774193525314331, 1.935482978820801, 93.757263183593750, 93.527893066406250
0.774193525314331, 1.999999046325684, 93.748168945312500, 93.527893066406250
0.838709652423859, 0.000000000000000, 89.716690063476562, 89.500442504882812
0.838709652423859, 0.064516127109528, 89.723205566406250, 89.500442504882812
0.838709652423859, 0.129032254219055, 89.646133422851562, 89.500442504882812
0.838709652423859, 0.193548381328583, 89.594810485839844, 89.500442504882812
0.838709652423859, 0.258064508438110, 89.550003051757812, 89.500442504882812
0.838709652423859, 0.322580635547638, 89.528984069824219, 89.500442504882812
0.838709652423859, 0.387096762657166, 89.510086059570312, 89.500442504882812
0.838709652423859, 0.451612889766693, 89.504226684570312, 89.500442504882812
0.838709652423859, 0.516129016876221, 89.498687744140625, 89.500442504882812
0.838709652423859, 0.580645143985748, 89.497665405273438, 89.500442504882812
0.838709652423859, 0.645161271095276, 89.496604919433594, 89.500442504882812
0.838709652423859, 0.709677398204803, 89.496505737304688, 89.500442504882812
0.838709652423859, 0.774193525314331, 89.496383666992188, 89.500442504882812
0.838709652423859, 0.838709652423859, 89.496376037597656, 89.500442504882812
0.838709652423859, 0.903225779533386, 89.496368408203125, 89.500442504882812
0.838709652423859, 0.967741906642914, 89.496368408203125, 89.500442504882812
0.838709652423859, 1.032258033752441, 89.496368408203125, 89.500442504882812
0.838709652423859, 1.096774101257324, 89.496368408203125, 89.500442504882812
0.838709652423859, 1.161290168762207, 89.496376037597656, 89.500442504882812
0.838709652423859, 1.225806236267090, 89.496383666992188, 89.500442504882812
0.838709652423859, 1.290322303771973, 89.496505737304688, 89.500442504882812
0.838709652423859, 1.354838371276855, 89.496604919433594, 89.500442504882812
0.838709652423859, 1.419354438781738, 89.497665405273438, 89.500442504882812
0.838709652423859, 1.483870506286621, 89.498687744140625, 89.500442504882812
0.838709652423859, 1.548386573791504, 89.504226684570312, 89.500442504882812
0.838709652423859, 1.612902641296387, 89.510086059570312, 89.500442504882812
0.838709652423859, 1.677418708801270, 89.528984069824219, 89.500442504882812
0.838709652423859, 1.741934776306152, 89.550003051757812, 89.500442504882812
0.838709652423859, 1.806450843811035, 89.594810485839844, 89.500442504882812
0.838709652423859, 1.870966911315918, 89.646133422851562, 89.500442504882812
0.838709652423859, 1.935482978820801, 89.723205566406250, 89.500442504882812
0.838709652423859, 1.999999046325684, 89.716690063476562, 89.500442504882812
0.903225779533386, 0.000000000000000, 84.448463439941406, 84.288063049316406
0.903225779533386, 0.064516127109528, 84.448577880859375, 84.288063049316406
0.903225779533386, 0.129032254219055, 84.396324157714844, 84.288063049316406
0.903225779533386, 0.193548381328583, 84.347709655761719, 84.288063049316406
0.903225779533386, 0.258064508438110, 84.323860168457031, 84.288063049316406
0.903225779533386, 0.322580635547638, 84.298789978027344, 84.288063049316406
0.903225779533386, 0.387096762657166, 84.291503906250000, 84.288063049316406
0.903225779533386, 0.451612889766693, 84.282211303710938, 84.288063049316406
0.903225779533386, 0.516129016876221, 84.280860900878906, 84.288063049316406
0.903225779533386, 0.580645143985748, 84.278526306152344, 84.288063049316406
0.903225779533386, 0.645161271095276, 84.278419494628906, 84.288063049316406
0.903225779533386, 0.709677398204803, 84.278045654296875, 84.288063049316406
0.903225779533386, 0.774193525314331, 84.278053283691406, 84.288063049316406
0.903225779533386, 0.838709652423859, 84.278015136718750, 84.288063049316406
0.903225779533386, 0.903225779533386, 84.278015136718750, 84.288063049316406
0.903225779533386, 0.967741906642914, 84.278015136718750, 84.288063049316406
0.903225779533386, 1.032258033752441, 84.278015136718750, 84.288063049316406
0.903225779533386, 1.096774101257324, 84.278015136718750, 84.288063049316406
0.903225779533386, 1.161290168762207, 84.278015136718750, 84.288063049316406
0.903225779533386, 1.225806236267090, 84.278053283691406, 84.288063049316406
0.903225779533386, 1.290322303771973, 84.278045654296875, 84.288063049316406
0.903225779533386, 1.354838371276855, 84.278419494628906, 84.288063049316406
0.903225779533386, 1.419354438781738, 84.278526306152344, 84.288063049316406
0.903225779533386, 1.483870506286621, 84.280860900878906, 84.288063049316406
0.903225779533386, 1.548386573791504, 84.282211303710938, 84.288063049316406
0.903225779533386, 1.612902641296387, 84.291503906250000, 84.288063049316406
0.903225779533386, 1.677418708801270, 84.298789978027344, 84.288063049316406
0.903225779533386, 1.741934776306152, 84.323860168457031, 84.288063049316406
0.903225779533386, 1.806450843811035, 84.347709655761719, 84.288063049316406
0.903225779533386, 1.870966911315918, 84.396324157714844, 84.288063049316406
0.903225779533386, 1.935482978820801, 84.448577880859375, 84.288063049316406
0.903225779533386, 1.999999046325684, 84.448463439941406, 84.288063049316406
0.967741906642914, 0.000000000000000, 78.262832641601562, 78.203384399414062
0.967741906642914, 0.064516127109528, 78.264671325683594, 78.203384399414062
0.967741906642914, 0.129032254219055, 78.238891601562500, 78.203384399414062
0.967741906642914, 0.193548381328583, 78.229148864746094, 78.203384399414062
0.967741906642914, 0.258064508438110, 78.211090087890625, 78.203384399414062
0.967741906642914, 0.322580635547638, 78.209892272949219, 78.203384399414062
0.967741906642914, 0.387096762657166, 78.200782775878906, 78.203384399414062
0.967741906642914, 0.451612889766693, 78.201644897460938, 78.203384399414062
0.967741906642914, 0.516129016876221, 78.198509216308594, 78.203384399414062
0.967741906642914, 0.580645143985748, 78.199028015136719, 78.203384399414062
0.967741906642914, 0.645161271095276, 78.198326110839844, 78.203384399414062
0.967741906642914, 0.709677398204803, 78.198455810546875, 78.203384399414062
0.967741906642914, 0.774193525314331, 78.198356628417969, 78.203384399414062
0.967741906642914, 0.838709652423859, 78.198379516601562, 78.203384399414062
0.967741906642914, 0.903225779533386, 78.198364257812500, 78.203384399414062
0.967741906642914, 0.967741906642914, 78.198371887207031, 78.203384399414062
0.967741906642914, 1.032258033752441, 78.198371887207031, 78.203384399414062
0.967741906642914, 1.096774101257324, 78.198364257812500, 78.203384399414062
0.967741906642914, 1.161290168762207, 78.198379516601562, 78.203384399414062
0.967741906642914, 1.225806236267090, 78.198356628417969, 78.203384399414062
0.967741906642914, 1.290322303771973, 78.198455810546875, 78.203384399414062
0.967741906642914, 1.354838371276855, 78.198326110839844, 78.203384399414062
0.967741906642914, 1.419354438781738, 78.199028015136719, 78.203384399414062
0.967741906642914, 1.483870506286621, 78.198509216308594, 78.203384399414062
0.967741906642914, 1.548386573791504, 78.201644897460938, 78.203384399414062
0.967741906642914, 1.612902641296387, 78.200782775878906, 78.203384399414062
0.967741906642914, 1.677418708801270, 78.209892272949219, 78.203384399414062
0.967741906642914, 1.741934776306152, 78.211090087890625, 78.203384399414062
0.967741906642914, 1.806450843811035, 78.229148864746094, 78.203384399414062
0.967741906642914, 1.870966911315918, 78.238891601562500, 78.203384399414062
0.967741906642914, 1.935482978820801, 78.264671325683594, 78.203384399414062
0.967741906642914, 1.999999046325684, 78.262832641601562, 78.203384399414062
1.032258033752441, 0.000000000000000, 71.737174987792969, 71.796623229980469
1.032258033752441, 0.064516127109528, 71.735336303710938, 71.796623229980469
1.032258033752441, 0.129032254219055, 71.761108398437500, 71.796623229980469
1.032258033752441, 0.193548381328583, 71.770851135253906, 71.796623229980469
1.032258033752441, 0.258064508438110, 71.788909912109375, 71.796623229980469
1.032258033752441, 0.322580635547638, 71.790107727050781, 71.796623229980469
1.032258033752441, 0.387096762657166, 71.799224853515625, 71.796623229980469
1.032258033752441, 0.451612889766693, 71.798355102539062, 71.796623229980469
1.032258033752441, 0.516129016876221, 71.801490783691406, 71.796623229980469
1.032258033752441, 0.580645143985748, 71.800971984863281, 71.796623229980469
1.032258033752441, 0.645161271095276, 71.801673889160156, 71.796623229980469
1.032258033752441, 0.709677398204803, 71.801544189453125, 71.796623229980469
1.032258033752441, 0.774193525314331, 71.801643371582031, 71.796623229980469
1.032258033752441, 0.838709652423859, 71.801620483398438, 71.796623229980469
1.032258033752441, 0.903225779533386, 71.801635742187500, 71.796623229980469
1.032258033752441, 0.967741906642914, 71.801628112792969, 71.796623229980469
1.032258033752441, 1.032258033752441, 71.801628112792969, 71.796623229980469
1.032258033752441, 1.096774101257324, 71.801635742187500, 71.796623229980469
1.032258033752441, 1.161290168762207, 71.801620483398438, 71.796623229980469
1.032258033752441, 1.225806236267090, 71.801643371582031, 71.796623229980469
1.032258033752441, 1.290322303771973, 71.801544189453125, 71.796623229980469
1.032258033752441, 1.354838371276855, 71.801673889160156, 71.796623229980469
1.032258033752441, 1.419354438781738, 71.800971984863281, 71.796623229980469
1.032258033752441, 1.483870506286621, 71.801490783691406, 71.796623229980469
1.032258033752441, 1.548386573791504, 71.798355102539062, 71.796623229980469
1.032258033752441, 1.612902641296387, 71.799224853515625, 71.796623229980469
1.032258033752441, 1.677418708801270, 71.790107727050781, 71.796623229980469
1.032258033752441, 1.741934776306152, 71.788909912109375, 71.796623229980469
1.032258033752441, 1.806450843811035, 71.770851135253906, 71.796623229980469
1.032258033752441, 1.870966911315918, 71.761108398437500, 71.796623229980469
1.032258033752441, 1.935482978820801, 71.735336303710938, 71.796623229980469
1.032258033752441, 1.999999046325684, 71.737174987792969, 71.796623229980469
1.096774101257324, 0.000000000000000, 65.551551818847656, 65.711944580078125
1.096774101257324, 0.064516127109528, 65.551429748535156, 65.711944580078125
1.096774101257324, 0.129032254219055, 65.603683471679688, 65.711944580078125
1.096774101257324, 0.193548381328583, 65.652297973632812, 65.711944580078125
1.096774101257324, 0.258064508438110, 65.676139831542969, 65.711944580078125
1.096774101257324, 0.322580635547638, 65.701210021972656, 65.711944580078125
1.096774101257324, 0.387096762657166, 65.708496093750000, 65.711944580078125
1.096774101257324, 0.451612889766693, 65.717788696289062, 65.711944580078125
1.096774101257324, 0.516129016876221, 65.719139099121094, 65.711944580078125
1.096774101257324, 0.580645143985748, 65.721473693847656, 65.711944580078125
1.096774101257324, 0.645161271095276, 65.721580505371094, 65.711944580078125
1.096774101257324, 0.709677398204803, 65.721961975097656, 65.711944580078125
1.096774101257324, 0.774193525314331, 65.721954345703125, 65.711944580078125
1.096774101257324, 0.838709652423859, 65.721992492675781, 65.711944580078125
1.096774101257324, 0.903225779533386, 65.721984863281250, 65.711944580078125
1.096774101257324, 0.967741906642914, 65.721992492675781, 65.711944580078125
1.096774101257324, 1.032258033752441, 65.721992492675781, 65.711944580078125
1.096774101257324, 1.096774101257324, 65.721984863281250, 65.711944580078125
1.096774101257324, 1.161290168762207, 65.721992492675781, 65.711944580078125
1.096774101257324, 1.225806236267090, 65.721954345703125, 65.711944580078125
1.096774101257324, 1.290322303771973, 65.721961975097656, 65.711944580078125
1.096774101257324, 1.354838371276855, 65.721580505371094, 65.711944580078125
1.096774101257324, 1.419354438781738, 65.721473693847656, 65.711944580078125
1.096774101257324, 1.483870506286621, 65.719139099121094, 65.711944580078125
1.096774101257324, 1.548386573791504, 65.717788696289062, 65.711944580078125
1.096774101257324, 1.612902641296387, 65.708496093750000, 65.711944580078125
1.096774101257324, 1.677418708801270, 65.701210021972656, 65.711944580078125
1.096774101257324, 1.741934776306152, 65.676139831542969, 65.711944580078125
1.096774101257324, 1.806450843811035, 65.652297973632812, 65.711944580078125
1.096774101257324, 1.870966911315918, 65.603683471679688, 65.711944580078125
1.096774101257324, 1.935482978820801, 65.551429748535156, 65.711944580078125
1.096774101257324, 1.999999046325684, 65.551551818847656, 65.711944580078125
1.161290168762207, 0.000000000000000, 60.283325195312500, 60.499572753906250
1.161290168762207, 0.064516127109528, 60.276809692382812, 60.499572753906250
1.161290168762207, 0.129032254219055, 60.353878021240234, 60.499572753906250
1.161290168762207, 0.193548381328583, 60.405193328857422, 60.499572753906250
1.161290168762207, 0.258064508438110, 60.449996948242188, 60.499572753906250
1.161290168762207, 0.322580635547638, 60.471015930175781, 60.499572753906250
1.161290168762207, 0.387096762657166, 60.489913940429688, 60.499572753906250
1.161290168762207, 0.451612889766693, 60.495773315429688, 60.499572753906250
1.161290168762207, 0.516129016876221, 60.501312255859375, 60.499572753906250
1.161290168762207, 0.580645143985748, 60.502334594726562, 60.499572753906250
1.161290168762207, 0.645161271095276, 60.503395080566406, 60.499572753906250
1.161290168762207, 0.709677398204803, 60.503490447998047, 60.499572753906250
1.161290168762207, 0.774193525314331, 60.503620147705078, 60.499572753906250
1.161290168762207, 0.838709652423859, 60.503623962402344, 60.499572753906250
1.161290168762207, 0.903225779533386, 60.503631591796875, 60.499572753906250
1.161290168762207, 0.967741906642914, 60.503627777099609, 60.499572753906250
1.161290168762207, 1.032258033752441, 60.503627777099609, 60.499572753906250
1.161290168762207, 1.096774101257324, 60.503631591796875, 60.499572753906250
1.161290168762207, 1.161290168762207, 60.503623962402344, 60.499572753906250
1.161290168762207, 1.225806236267090, 60.503620147705078, 60.499572753906250
1.161290168762207, 1.290322303771973, 60.503490447998047, 60.499572753906250
1.161290168762207, 1.354838371276855, 60.503395080566406, 60.499572753906250
1.161290168762207, 1.419354438781738, 60.502334594726562, 60.499572753906250
1.161290168762207, 1.483870506286621, 60.501312255859375, 60.499572753906250
1.161290168762207, 1.548386573791504, 60.495773315429688, 60.499572753906250
1.161290168762207, 1.612902641296387, 60.489913940429688, 60.499572753906250
1.161290168762207, 1.677418708801270, 60.471015930175781, 60.499572753906250
1.161290168762207, 1.741934776306152, 60.449996948242188, 60.499572753906250
1.161290168762207, 1.806450843811035, 60.405193328857422, 60.499572753906250
1.161290168762207, 1.870966911315918, 60.353878021240234, 60.499572753906250
1.161290168762207, 1.935482978820801, 60.276809692382812, 60.499572753906250
1.161290168762207, 1.999999046325684, 60.283325195312500, 60.499572753906250
1.225806236267090, 0.000000000000000, 56.251842498779297, 56.472118377685547
1.225806236267090, 0.064516127109528, 56.242744445800781, 56.472118377685547
1.225806236267090, 0.129032254219055, 56.311126708984375, 56.472118377685547
1.225806236267090, 0.193548381328583, 56.369747161865234, 56.472118377685547
1.225806236267090, 0.258064508438110, 56.404613494873047, 56.472118377685547
1.225806236267090, 0.322580635547638, 56.433403015136719, 56.472118377685547
1.225806236267090, 0.387096762657166, 56.445659637451172, 56.472118377685547
1.225806236267090, 0.451612889766693, 56.455589294433594, 56.472118377685547
1.225806236267090, 0.516129016876221, 56.458438873291016, 56.472118377685547
1.225806236267090, 0.580645143985748, 56.460708618164062, 56.472118377685547
1.225806236267090, 0.645161271095276, 56.461105346679688, 56.472118377685547
1.225806236267090, 0.709677398204803, 56.461429595947266, 56.472118377685547
1.225806236267090, 0.774193525314331, 56.461460113525391, 56.472118377685547
1.225806236267090, 0.838709652423859, 56.461486816406250, 56.472118377685547
1.225806236267090, 0.903225779533386, 56.461490631103516, 56.472118377685547
1.225806236267090, 0.967741906642914, 56.461490631103516, 56.472118377685547
1.225806236267090, 1.032258033752441, 56.461490631103516, 56.472118377685547
1.225806236267090, 1.096774101257324, 56.461490631103516, 56.472118377685547
1.225806236267090, 1.161290168762207, 56.461486816406250, 56.472118377685547
1.225806236267090, 1.225806236267090, 56.461460113525391, 56.472118377685547
1.225806236267090, 1.290322303771973, 56.461429595947266, 56.472118377685547
1.225806236267090, 1.354838371276855, 56.461105346679688, 56.472118377685547
1.225806236267090, 1.419354438781738, 56.460708618164062, 56.472118377685547
1.225806236267090, 1.483870506286621, 56.458438873291016, 56.472118377685547
1.225806236267090, 1.548386573791504, 56.455589294433594, 56.472118377685547
1.225806236267090, 1.612902641296387, 56.445659637451172, 56.472118377685547
1.225806236267090, 1.677418708801270, 56.433403015136719, 56.472118377685547
1.225806236267090, 1.741934776306152, 56.404613494873047, 56.472118377685547
1.225806236267090, 1.806450843811035, 56.369747161865234, 56.472118377685547
1.225806236267090, 1.870966911315918, 56.311126708984375, 56.472118377685547
1.225806236267090, 1.935482978820801, 56.242744445800781, 56.472118377685547
1.225806236267090, 1.999999046325684, 56.251842498779297, 56.472118377685547
1.290322303771973, 0.000000000000000, 53.479907989501953, 53.665241241455078
1.290322303771973, 0.064516127109528, 53.465259552001953, 53.665241241455078
1.290322303771973, 0.129032254219055, 53.522548675537109, 53.665241241455078
1.290322303771973, 0.193548381328583, 53.563354492187500, 53.665241241455078
1.290322303771973, 0.258064508438110, 53.597156524658203, 53.665241241455078
1.290322303771973, 0.322580635547638, 53.614856719970703, 53.665241241455078
1.290322303771973, 0.387096762657166, 53.628673553466797, 53.665241241455078
1.290322303771973, 0.451612889766693, 53.633815765380859, 53.665241241455078
1.290322303771973, 0.516129016876221, 53.637607574462891, 53.665241241455078
1.290322303771973, 0.580645143985748, 53.638538360595703, 53.665241241455078
1.290322303771973, 0.645161271095276, 53.639190673828125, 53.665241241455078
1.290322303771973, 0.709677398204803, 53.639286041259766, 53.665241241455078
1.290322303771973, 0.774193525314331, 53.639350891113281, 53.665241241455078
1.290322303771973, 0.838709652423859, 53.639354705810547, 53.665241241455078
1.290322303771973, 0.903225779533386, 53.639362335205078, 53.665241241455078
1.290322303771973, 0.967741906642914, 53.639358520507812, 53.665241241455078
1.290322303771973, 1.032258033752441, 53.639358520507812, 53.665241241455078
1.290322303771973, 1.096774101257324, 53.639362335205078, 53.665241241455078
1.290322303771973, 1.161290168762207, 53.639354705810547, 53.665241241455078
1.290322303771973, 1.225806236267090, 53.639350891113281, 53.665241241455078
1.290322303771973, 1.290322303771973, 53.639286041259766, 53.665241241455078
1.290322303771973, 1.354838371276855, 53.639190673828125, 53.665241241455078
1.290322303771973, 1.419354438781738, 53.638538360595703, 53.665241241455078
1.290322303771973, 1.483870506286621, 53.637607574462891, 53.665241241455078
1.290322303771973, 1.548386573791504, 53.633815765380859, 53.665241241455078
1.290322303771973, 1.612902641296387, 53.628673553466797, 53.665241241455078
1.290322303771973, 1.677418708801270, 53.614856719970703, 53.665241241455078
1.290322303771973, 1.741934776306152, 53.597156524658203, 53.665241241455078
1.290322303771973, 1.806450843811035, 53.563354492187500, 53.665241241455078
1.290322303771973, 1.870966911315918, 53.522548675537109, 53.665241241455078
1.290322303771973, 1.935482978820801, 53.465259552001953, 53.665241241455078
1.290322303771973, 1.999999046325684, 53.479907989501953, 53.665241241455078
1.354838371276855, 0.000000000000000, 51.767456054687500, 51.900783538818359
1.354838371276855, 0.064516127109528, 51.752796173095703, 51.900783538818359
1.354838371276855, 0.129032254219055, 51.787353515625000, 51.900783538818359
1.354838371276855, 0.193548381328583, 51.817779541015625, 51.900783538818359
1.354838371276855, 0.258064508438110, 51.836746215820312, 51.900783538818359
1.354838371276855, 0.322580635547638, 51.851837158203125, 51.900783538818359
1.354838371276855, 0.387096762657166, 51.858634948730469, 51.900783538818359
1.354838371276855, 0.451612889766693, 51.863616943359375, 51.900783538818359
1.354838371276855, 0.516129016876221, 51.865165710449219, 51.900783538818359
1.354838371276855, 0.580645143985748, 51.866203308105469, 51.900783538818359
1.354838371276855, 0.645161271095276, 51.866405487060547, 51.900783538818359
1.354838371276855, 0.709677398204803, 51.866531372070312, 51.900783538818359
1.354838371276855, 0.774193525314331, 51.866542816162109, 51.900783538818359
1.354838371276855, 0.838709652423859, 51.866554260253906, 51.900783538818359
1.354838371276855, 0.903225779533386, 51.866554260253906, 51.900783538818359
1.354838371276855, 0.967741906642914, 51.866554260253906, 51.900783538818359
1.354838371276855, 1.032258033752441, 51.866554260253906, 51.900783538818359
1.354838371276855, 1.096774101257324, 51.866554260253906, 51.900783538818359
1.354838371276855, 1.161290168762207, 51.866554260253906, 51.900783538818359
1.354838371276855, 1.225806236267090, 51.866542816162109, 51.900783538818359
1.354838371276855, 1.290322303771973, 51.866531372070312, 51.900783538818359
1.354838371276855, 1.354838371276855, 51.866405487060547, 51.900783538818359
1.354838371276855, 1.419354438781738, 51.866203308105469, 51.900783538818359
1.354838371276855, 1.483870506286621, 51.865165710449219, 51.900783538818359
1.354838371276855, 1.548386573791504, 51.863616943359375, 51.900783538818359
1.354838371276855, 1.612902641296387, 51.858634948730469, 51.900783538818359
1.354838371276855, 1.677418708801270, 51.851837158203125, 51.900783538818359
1.354838371276855, 1.741934776306152, 51.836746215820312, 51.900783538818359
1.354838371276855, 1.806450843811035, 51.817779541015625, 51.900783538818359
1.354838371276855, 1.870966911315918, 51.787353515625000, 51.900783538818359
1.354838371276855, 1.935482978820801, 51.752796173095703, 51.900783538818359
1.354838371276855, 1.999999046325684, 51.767456054687500, 51.900783538818359
1.419354438781738, 0.000000000000000, 50.816925048828125, 50.900344848632812
1.419354438781738, 0.064516127109528, 50.803279876708984, 50.900344848632812
1.419354438781738, 0.129032254219055, 50.823268890380859, 50.900344848632812
1.419354438781738, 0.193548381328583, 50.838329315185547, 50.900344848632812
1.419354438781738, 0.258064508438110, 50.851131439208984, 50.900344848632812
1.419354438781738, 0.322580635547638, 50.857955932617188, 50.900344848632812
1.419354438781738, 0.387096762657166, 50.863128662109375, 50.900344848632812
1.419354438781738, 0.451612889766693, 50.865062713623047, 50.900344848632812
1.419354438781738, 0.516129016876221, 50.866378784179688, 50.900344848632812
1.419354438781738, 0.580645143985748, 50.866695404052734, 50.900344848632812
1.419354438781738, 0.645161271095276, 50.866889953613281, 50.900344848632812
1.419354438781738, 0.709677398204803, 50.866916656494141, 50.900344848632812
1.419354438781738, 0.774193525314331, 50.866931915283203, 50.900344848632812
1.419354438781738, 0.838709652423859, 50.866931915283203, 50.900344848632812
1.419354438781738, 0.903225779533386, 50.866935729980469, 50.900344848632812
1.419354438781738, 0.967741906642914, 50.866935729980469, 50.900344848632812
1.419354438781738, 1.032258033752441, 50.866935729980469, 50.900344848632812
1.419354438781738, 1.096774101257324, 50.866935729980469, 50.900344848632812
1.419354438781738, 1.161290168762207, 50.866931915283203, 50.900344848632812
1.419354438781738, 1.225806236267090, 50.866931915283203, 50.900344848632812
1.419354438781738, 1.290322303771973, 50.866916656494141, 50.900344848632812
1.419354438781738, 1.354838371276855, 50.866889953613281, 50.900344848632812
1.419354438781738, 1.419354438781738, 50.866695404052734, 50.900344848632812
1.419354438781738, 1.483870506286621, 50.866378784179688, 50.900344848632812
1.419354438781738, 1.548386573791504, 50.865062713623047, 50.900344848632812
1.419354438781738, 1.612902641296387, 50.863128662109375, 50.900344848632812
1.419354438781738, 1.677418708801270, 50.857955932617188, 50.900344848632812
1.419354438781738, 1.741934776306152, 50.851131439208984, 50.900344848632812
1.419354438781738, 1.806450843811035, 50.838329315185547, 50.900344848632812
1.419354438781738, 1.870966911315918, 50.823268890380859, 50.900344848632812
1.419354438781738, 1.935482978820801, 50.803279876708984, 50.900344848632812
1.419354438781738, 1.999999046325684, 50.816925048828125, 50.900344848632812
1.483870506286621, 0.000000000000000, 50.342868804931641, 50.388702392578125
1.483870506286621, 0.064516127109528, 50.333072662353516, 50.388702392578125
1.483870506286621, 0.129032254219055, 50.341243743896484, 50.388702392578125
1.483870506286621, 0.193548381328583, 50.349319458007812, 50.388702392578125
1.483870506286621, 0.258064508438110, 50.354465484619141, 50.388702392578125
1.483870506286621, 0.322580635547638, 50.358673095703125, 50.388702392578125
1.483870506286621, 0.387096762657166, 50.360519409179688, 50.388702392578125
1.483870506286621, 0.451612889766693, 50.361839294433594, 50.388702392578125
1.483870506286621, 0.516129016876221, 50.362224578857422, 50.388702392578125
1.483870506286621, 0.580645143985748, 50.362464904785156, 50.388702392578125
1.483870506286621, 0.645161271095276, 50.362503051757812, 50.388702392578125
1.483870506286621, 0.709677398204803, 50.362525939941406, 50.388702392578125
1.483870506286621, 0.774193525314331, 50.362525939941406, 50.388702392578125
1.483870506286621, 0.838709652423859, 50.362529754638672, 50.388702392578125
1.483870506286621, 0.903225779533386, 50.362529754638672, 50.388702392578125
1.483870506286621, 0.967741906642914, 50.362529754638672, 50.388702392578125
1.483870506286621, 1.032258033752441, 50.362529754638672, 50.388702392578125
1.483870506286621, 1.096774101257324, 50.362529754638672, 50.388702392578125
1.483870506286621, 1.161290168762207, 50.362529754638672, 50.388702392578125
1.483870506286621, 1.225806236267090, 50.362525939941406, 50.388702392578125
1.483870506286621, 1.290322303771973, 50.362525939941406, 50.388702392578125
1.483870506286621, 1.354838371276855, 50.362503051757812, 50.388702392578125
1.483870506286621, 1.419354438781738, 50.362464904785156, 50.388702392578125
1.483870506286621, 1.483870506286621, 50.362224578857422, 50.388702392578125
1.483870506286621, 1.548386573791504, 50.361839294433594, 50.388702392578125
1.483870506286621, 1.612902641296387, 50.360519409179688, 50.388702392578125
1.483870506286621, 1.677418708801270, 50.358673095703125, 50.388702392578125
1.483870506286621, 1.741934776306152, 50.354465484619141, 50.388702392578125
1.483870506286621, 1.806450843811035, 50.349319458007812, 50.388702392578125
1.483870506286621, 1.870966911315918, 50.341243743896484, 50.388702392578125
1.483870506286621, 1.935482978820801, 50.333072662353516, 50.388702392578125
1.483870506286621, 1.999999046325684, 50.342868804931641, 50.388702392578125
1.548386573791504, 0.000000000000000, 50.130443572998047, 50.152698516845703
1.548386573791504, 0.064516127109528, 50.124092102050781, 50.152698516845703
1.548386573791504, 0.129032254219055, 50.127292633056641, 50.152698516845703
1.548386573791504, 0.193548381328583, 50.130004882812500, 50.152698516845703
1.548386573791504, 0.258064508438110, 50.132583618164062, 50.152698516845703
1.548386573791504, 0.322580635547638, 50.133918762207031, 50.152698516845703
1.548386573791504, 0.387096762657166, 50.134963989257812, 50.152698516845703
1.548386573791504, 0.451612889766693, 50.135318756103516, 50.152698516845703
1.548386573791504, 0.516129016876221, 50.135551452636719, 50.152698516845703
1.548386573791504, 0.580645143985748, 50.135601043701172, 50.152698516845703
1.548386573791504, 0.645161271095276, 50.135627746582031, 50.152698516845703
1.548386573791504, 0.709677398204803, 50.135631561279297, 50.152698516845703
1.548386573791504, 0.774193525314331, 50.135631561279297, 50.152698516845703
1.548386573791504, 0.838709652423859, 50.135631561279297, 50.152698516845703
1.548386573791504, 0.903225779533386, 50.135631561279297, 50.152698516845703
1.548386573791504, 0.967741906642914, 50.135631561279297, 50.152698516845703
1.548386573791504, 1.032258033752441, 50.135631561279297, 50.152698516845703
1.548386573791504, 1.096774101257324, 50.135631561279297, 50.152698516845703
1.548386573791504, 1.161290168762207, 50.135631561279297, 50.152698516845703
1.548386573791504, 1.225806236267090, 50.135631561279297, 50.152698516845703
1.548386573791504, 1.290322303771973, 50.135631561279297, 50.152698516845703
1.548386573791504, 1.354838371276855, 50.135627746582031, 50.152698516845703
1.548386573791504, 1.419354438781738, 50.135601043701172, 50.152698516845703
1.548386573791504, 1.483870506286621, 50.135551452636719, 50.152698516845703
1.548386573791504, 1.548386573791504, 50.135318756103516, 50.152698516845703
1.548386573791504, 1.612902641296387, 50.134963989257812, 50.152698516845703
1.548386573791504, 1.677418708801270, 50.133918762207031, 50.152698516845703
1.548386573791504, 1.741934776306152, 50.132583618164062, 50.152698516845703
1.548386573791504, 1.806450843811035, 50.130004882812500, 50.152698516845703
1.548386573791504, 1.870966911315918, 50.127292633056641, 50.152698516845703
1.548386573791504, 1.935482978820801, 50.124092102050781, 50.152698516845703
1.548386573791504, 1.999999046325684, 50.130443572998047, 50.152698516845703
1.612902641296387, 0.000000000000000, 50.044921875000000, 50.054504394531250
1.612902641296387, 0.064516127109528, 50.041534423828125, 50.054504394531250
1.612902641296387, 0.129032254219055, 50.042209625244141, 50.054504394531250
1.612902641296387, 0.193548381328583, 50.043258666992188, 50.054504394531250
1.612902641296387, 0.258064508438110, 50.043941497802734, 50.054504394531250
1.612902641296387, 0.322580635547638, 50.044570922851562, 50.054504394531250
1.612902641296387, 0.387096762657166, 50.044818878173828, 50.054504394531250
1.612902641296387, 0.451612889766693, 50.045001983642578, 50.054504394531250
1.612902641296387, 0.516129016876221, 50.045043945312500, 50.054504394531250
1.612902641296387, 0.580645143985748, 50.045070648193359, 50.054504394531250
1.612902641296387, 0.645161271095276, 50.045074462890625, 50.054504394531250
1.612902641296387, 0.709677398204803, 50.045074462890625, 50.054504394531250
1.612902641296387, 0.774193525314331, 50.045074462890625, 50.054504394531250
1.612902641296387, 0.838709652423859, 50.045074462890625, 50.054504394531250
1.612902641296387, 0.903225779533386, 50.045074462890625, 50.054504394531250
1.612902641296387, 0.967741906642914, 50.045074462890625, 50.054504394531250
1.612902641296387, 1.032258033752441, 50.045074462890625, 50.054504394531250
1.612902641296387, 1.096774101257324, 50.045074462890625, 50.054504394531250
1.612902641296387, 1.161290168762207, 50.045074462890625, 50.054504394531250
1.612902641296387, 1.225806236267090, 50.045074462890625, 50.054504394531250
1.612902641296387, 1.290322303771973, 50.045074462890625, 50.054504394531250
1.612902641296387, 1.354838371276855, 50.045074462890625, 50.054504394531250
1.612902641296387, 1.419354438781738, 50.045070648193359, 50.054504394531250
1.612902641296387, 1.483870506286621, 50.045043945312500, 50.054504394531250
1.612902641296387, 1.548386573791504, 50.045001983642578, 50.054504394531250
1.612902641296387, 1.612902641296387, 50.044818878173828, 50.054504394531250
1.612902641296387, 1.677418708801270, 50.044570922851562, 50.054504394531250
1.612902641296387, 1.741934776306152, 50.043941497802734, 50.054504394531250
1.612902641296387, 1.806450843811035, 50.043258666992188, 50.054504394531250
1.612902641296387, 1.870966911315918, 50.042209625244141, 50.054504394531250
1.612902641296387, 1.935482978820801, 50.041534423828125, 50.054504394531250
1.612902641296387, 1.999999046325684, 50.044921875000000, 50.054504394531250
1.677418708801270, 0.000000000000000, 50.013988494873047, 50.017658233642578
1.677418708801270, 0.064516127109528, 50.012371063232422, 50.017658233642578
1.677418708801270, 0.129032254219055, 50.012466430664062, 50.017658233642578
1.677418708801270, 0.193548381328583, 50.012649536132812, 50.017658233642578
1.677418708801270, 0.258064508438110, 50.012908935546875, 50.017658233642578
1.677418708801270, 0.322580635547638, 50.013034820556641, 50.017658233642578
1.677418708801270, 0.387096762657166, 50.013141632080078, 50.017658233642578
1.677418708801270, 0.451612889766693, 50.013172149658203, 50.017658233642578
1.677418708801270, 0.516129016876221, 50.013191223144531, 50.017658233642578
1.677418708801270, 0.580645143985748, 50.013195037841797, 50.017658233642578
1.677418708801270, 0.645161271095276, 50.013195037841797, 50.017658233642578
1.677418708801270, 0.709677398204803, 50.013195037841797, 50.017658233642578
1.677418708801270, 0.774193525314331, 50.013195037841797, 50.017658233642578
1.677418708801270, 0.838709652423859, 50.013195037841797, 50.017658233642578
1.677418708801270, 0.903225779533386, 50.013195037841797, 50.017658233642578
1.677418708801270, 0.967741906642914, 50.013195037841797, 50.017658233642578
1.677418708801270, 1.032258033752441, 50.013195037841797, 50.017658233642578
1.677418708801270, 1.096774101257324, 50.013195037841797, 50.017658233642578
1.677418708801270, 1.161290168762207, 50.013195037841797, 50.017658233642578
1.677418708801270, 1.225806236267090, 50.013195037841797, 50.017658233642578
1.677418708801270, 1.290322303771973, 50.013195037841797, 50.017658233642578
1.677418708801270, 1.354838371276855, 50.013195037841797, 50.017658233642578
1.677418708801270, 1.419354438781738, 50.013195037841797, 50.017658233642578
1.677418708801270, 1.483870506286621, 50.013191223144531, 50.017658233642578
1.677418708801270, 1.548386573791504, 50.013172149658203, 50.017658233642578
1.677418708801270, 1.612902641296387, 50.013141632080078, 50.017658233642578
1.677418708801270, 1.677418708801270, 50.013034820556641, 50.017658233642578
1.677418708801270, 1.741934776306152, 50.012908935546875, 50.017658233642578
1.677418708801270, 1.806450843811035, 50.012649536132812, 50.017658233642578
1.677418708801270, 1.870966911315918, 50.012466430664062, 50.017658233642578
1.677418708801270, 1.935482978820801, 50.012371063232422, 50.017658233642578
1.677418708801270, 1.999999046325684, 50.013988494873047, 50.017658233642578
1.741934776306152, 0.000000000000000, 50.003932952880859, 50.005187988281250
1.741934776306152, 0.064516127109528, 50.003284454345703, 50.005187988281250
1.741934776306152, 0.129032254219055, 50.003215789794922, 50.005187988281250
1.741934776306152, 0.193548381328583, 50.003257751464844, 50.005187988281250
1.741934776306152, 0.258064508438110, 50.003292083740234, 50.005187988281250
1.741934776306152, 0.322580635547638, 50.003337860107422, 50.005187988281250
1.741934776306152, 0.387096762657166, 50.003353118896484, 50.005187988281250
1.741934776306152, 0.451612889766693, 50.003364562988281, 50.005187988281250
1.741934776306152, 0.516129016876221, 50.003368377685547, 50.005187988281250
1.741934776306152, 0.580645143985748, 50.003368377685547, 50.005187988281250
1.741934776306152, 0.645161271095276, 50.003368377685547, 50.005187988281250
1.741934776306152, 0.709677398204803, 50.003368377685547, 50.005187988281250
1.741934776306152, 0.774193525314331, 50.003368377685547, 50.005187988281250
1.741934776306152, 0.838709652423859, 50.003368377685547, 50.005187988281250
1.741934776306152, 0.903225779533386, 50.003368377685547, 50.005187988281250
1.741934776306152, 0.967741906642914, 50.003368377685547, 50.005187988281250
1.741934776306152, 1.032258033752441, 50.003368377685547, 50.005187988281250
1.741934776306152, 1.096774101257324, 50.003368377685547, 50.005187988281250
1.741934776306152, 1.161290168762207, 50.003368377685547, 50.005187988281250
1.741934776306152, 1.225806236267090, 50.003368377685547, 50.005187988281250
1.741934776306152, 1.290322303771973, 50.003368377685547, 50.005187988281250
1.741934776306152, 1.354838371276855, 50.003368377685547, 50.005187988281250
1.741934776306152, 1.419354438781738, 50.003368377685547, 50.005187988281250
1.741934776306152, 1.483870506286621, 50.003368377685547, 50.005187988281250
1.741934776306152, 1.548386573791504, 50.003364562988281, 50.005187988281250
1.741934776306152, 1.612902641296387, 50.003353118896484, 50.005187988281250
1.741934776306152, 1.677418708801270, 50.003337860107422, 50.005187988281250
1.741934776306152, 1.741934776306152, 50.003292083740234, 50.005187988281250
1.741934776306152, 1.806450843811035, 50.003257751464844, 50.005187988281250
1.741934776306152, 1.870966911315918, 50.003215789794922, 50.005187988281250
1.741934776306152, 1.935482978820801, 50.003284454345703, 50.005187988281250
1.741934776306152, 1.999999046325684, 50.003932952880859, 50.005187988281250
1.806450843811035, 0.000000000000000, 50.000999450683594, 50.001380920410156
1.806450843811035, 0.064516127109528, 50.000766754150391, 50.001380920410156
1.806450843811035, 0.129032254219055, 50.000728607177734, 50.001380920410156
1.806450843811035, 0.193548381328583, 50.000720977783203, 50.001380920410156
1.806450843811035, 0.258064508438110, 50.000728607177734, 50.001380920410156
1.806450843811035, 0.322580635547638, 50.000732421875000, 50.001380920410156
1.806450843811035, 0.387096762657166, 50.000740051269531, 50.001380920410156
1.806450843811035, 0.451612889766693, 50.000740051269531, 50.001380920410156
1.806450843811035, 0.516129016876221, 50.000740051269531, 50.001380920410156
1.806450843811035, 0.580645143985748, 50.000740051269531, 50.001380920410156
1.806450843811035, 0.645161271095276, 50.000740051269531, 50.001380920410156
1.806450843811035, 0.709677398204803, 50.000740051269531, 50.001380920410156
1.806450843811035, 0.774193525314331, 50.000740051269531, 50.001380920410156
1.806450843811035, 0.838709652423859, 50.000740051269531, 50.001380920410156
1.806450843811035, 0.903225779533386, 50.000740051269531, 50.001380920410156
1.806450843811035, 0.967741906642914, 50.000740051269531, 50.001380920410156
1.806450843811035, 1.032258033752441, 50.000740051269531, 50.001380920410156
1.806450843811035, 1.096774101257324, 50.000740051269531, 50.001380920410156
1.806450843811035, 1.161290168762207, 50.000740051269531, 50.001380920410156
1.806450843811035, 1.225806236267090, 50.000740051269531, 50.001380920410156
1.806450843811035, 1.290322303771973, 50.000740051269531, 50.001380920410156
1.806450843811035, 1.354838371276855, 50.000740051269531, 50.001380920410156
1.806450843811035, 1.419354438781738, 50.000740051269531, 50.001380920410156
1.806450843811035, 1.483870506286621, 50.000740051269531, 50.001380920410156
1.806450843811035, 1.548386573791504, 50.000740051269531, 50.001380920410156
1.806450843811035, 1.612902641296387, 50.000740051269531, 50.001380920410156
1.806450843811035, 1.677418708801270, 50.000732421875000, 50.001380920410156
1.806450843811035, 1.741934776306152, 50.000728607177734, 50.001380920410156
1.806450843811035, 1.806450843811035, 50.000720977783203, 50.001380920410156
1.806450843811035, 1.870966911315918, 50.000728607177734, 50.001380920410156
1.806450843811035, 1.935482978820801, 50.000766754150391, 50.001380920410156
1.806450843811035, 1.999999046325684, 50.000999450683594, 50.001380920410156
1.870966911315918, 0.000000000000000, 50.000228881835938, 50.000331878662109
1.870966911315918, 0.064516127109528, 50.000156402587891, 50.000331878662109
1.870966911315918, 0.129032254219055, 50.000141143798828, 50.000331878662109
1.870966911315918, 0.193548381328583, 50.000137329101562, 50.000331878662109
1.870966911315918, 0.258064508438110, 50.000137329101562, 50.000331878662109
1.870966911315918, 0.322580635547638, 50.000137329101562, 50.000331878662109
1.870966911315918, 0.387096762657166, 50.000137329101562, 50.000331878662109
1.870966911315918, 0.451612889766693, 50.000137329101562, 50.000331878662109
1.870966911315918, 0.516129016876221, 50.000137329101562, 50.000331878662109
1.870966911315918, 0.580645143985748, 50.000137329101562, 50.000331878662109
1.870966911315918, 0.645161271095276, 50.000137329101562, 50.000331878662109
1.870966911315918, 0.709677398204803, 50.000137329101562, 50.000331878662109
1.870966911315918, 0.774193525314331, 50.000137329101562, 50.000331878662109
1.870966911315918, 0.838709652423859, 50.000137329101562, 50.000331878662109
1.870966911315918, 0.903225779533386, 50.000137329101562, 50.000331878662109
1.870966911315918, 0.967741906642914, 50.000137329101562, 50.000331878662109
1.870966911315918, 1.032258033752441, 50.000137329101562, 50.000331878662109
1.870966911315918, 1.096774101257324, 50.000137329101562, 50.000331878662109
1.870966911315918, 1.161290168762207, 50.000137329101562, 50.000331878662109
1.870966911315918, 1.225806236267090, 50.000137329101562, 50.000331878662109
1.870966911315918, 1.290322303771973, 50.000137329101562, 50.000331878662109
1.870966911315918, 1.354838371276855, 50.000137329101562, 50.000331878662109
1.870966911315918, 1.419354438781738, 50.000137329101562, 50.000331878662109
1.870966911315918, 1.483870506286621, 50.000137329101562, 50.000331878662109
1.870966911315918, 1.548386573791504, 50.000137329101562, 50.000331878662109
1.870966911315918, 1.612902641296387, 50.000137329101562, 50.000331878662109
1.870966911315918, 1.677418708801270, 50.000137329101562, 50.000331878662109
1.870966911315918, 1.741934776306152, 50.000137329101562, 50.000331878662109
1.870966911315918, 1.806450843811035, 50.000137329101562, 50.000331878662109
1.870966911315918, 1.870966911315918, 50.000141143798828, 50.000331878662109
1.870966911315918, 1.935482978820801, 50.000156402587891, 50.000331878662109
1.870966911315918, 1.999999046325684, 50.000228881835938, 50.000331878662109
1.935482978820801, 0.000000000000000, 50.000045776367188, 50.000072479248047
1.935482978820801, 0.064516127109528, 50.000026702880859, 50.000072479248047
1.935482978820801, 0.129032254219055, 50.000022888183594, 50.000072479248047
1.935482978820801, 0.193548381328583, 50.000022888183594, 50.000072479248047
1.935482978820801, 0.258064508438110, 50.000022888183594, 50.000072479248047
1.935482978820801, 0.322580635547638, 50.000022888183594, 50.000072479248047
1.935482978820801, 0.387096762657166, 50.000022888183594, 50.000072479248047
1.935482978820801, 0.451612889766693, 50.000022888183594, 50.000072479248047
1.935482978820801, 0.516129016876221, 50.000022888183594, 50.000072479248047
1.935482978820801, 0.580645143985748, 50.000022888183594, 50.000072479248047
1.935482978820801, 0.645161271095276, 50.000022888183594, 50.000072479248047
1.935482978820801, 0.709677398204803, 50.000022888183594, 50.000072479248047
1.935482978820801, 0.774193525314331, 50.000022888183594, 50.000072479248047
1.935482978820801, 0.838709652423859, 50.000022888183594, 50.000072479248047
1.935482978820801, 0.903225779533386, 50.000022888183594, 50.000072479248047
1.935482978820801, 0.967741906642914, 50.000022888183594, 50.000072479248047
1.935482978820801, 1.032258033752441, 50.000022888183594, 50.000072479248047
1.935482978820801, 1.096774101257324, 50.000022888183594, 50.000072479248047
1.935482978820801, 1.161290168762207, 50.000022888183594, 50.000072479248047
1.935482978820801, 1.225806236267090, 50.000022888183594, 50.000072479248047
1.935482978820801, 1.290322303771973, 50.000022888183594, 50.000072479248047
1.935482978820801, 1.354838371276855, 50.000022888183594, 50.000072479248047
1.935482978820801, 1.419354438781738, 50.000022888183594, 50.000072479248047
1.935482978820801, 1.483870506286621, 50.000022888183594, 50.000072479248047
1.935482978820801, 1.548386573791504, 50.000022888183594, 50.000072479248047
1.935482978820801, 1.612902641296387, 50.000022888183594, 50.000072479248047
1.935482978820801, 1.677418708801270, 50.000022888183594, 50.000072479248047
1.935482978820801, 1.741934776306152, 50.000022888183594, 50.000072479248047
1.935482978820801, 1.806450843811035, 50.000022888183594, 50.000072479248047
1.935482978820801, 1.870966911315918, 50.000022888183594, 50.000072479248047
1.935482978820801, 1.935482978820801, 50.000026702880859, 50.000072479248047
1.935482978820801, 1.999999046325684, 50.000045776367188, 50.000072479248047
1.999999046325684, 0.000000000000000, 50.000000000000000, 50.000015258789062
1.999999046325684, 0.064516127109528, 50.000000000000000, 50.000015258789062
1.999999046325684, 0.129032254219055, 50.000000000000000, 50.000015258789062
1.999999046325684, 0.193548381328583, 50.000000000000000, 50.000015258789062
1.999999046325684, 0.258064508438110, 50.000000000000000, 50.000015258789062
1.999999046325684, 0.322580635547638, 50.000000000000000, 50.000015258789062
1.999999046325684, 0.387096762657166, 50.000000000000000, 50.000015258789062
1.999999046325684, 0.451612889766693, 50.000000000000000, 50.000015258789062
1.999999046325684, 0.516129016876221, 50.000000000000000, 50.000015258789062
1.999999046325684, 0.580645143985748, 50.000000000000000, 50.000015258789062
1.999999046325684, 0.645161271095276, 50.000000000000000, 50.000015258789062
1.999999046325684, 0.709677398204803, 50.000000000000000, 50.000015258789062
1.999999046325684, 0.774193525314331, 50.000000000000000, 50.000015258789062
1.999999046325684, 0.838709652423859, 50.000000000000000, 50.000015258789062
1.999999046325684, 0.903225779533386, 50.000000000000000, 50.000015258789062
1.999999046325684, 0.967741906642914, 50.000000000000000, 50.000015258789062
1.999999046325684, 1.032258033752441, 50.000000000000000, 50.000015258789062
1.999999046325684, 1.096774101257324, 50.000000000000000, 50.000015258789062
1.999999046325684, 1.161290168762207, 50.000000000000000, 50.000015258789062
1.999999046325684, 1.225806236267090, 50.000000000000000, 50.000015258789062
1.999999046325684, 1.290322303771973, 50.000000000000000, 50.000015258789062
1.999999046325684, 1.354838371276855, 50.000000000000000, 50.000015258789062
1.999999046325684, 1.419354438781738, 50.000000000000000, 50.000015258789062
1.999999046325684, 1.483870506286621, 50.000000000000000, 50.000015258789062
1.999999046325684, 1.548386573791504, 50.000000000000000, 50.000015258789062
1.999999046325684, 1.612902641296387, 50.000000000000000, 50.000015258789062
1.999999046325684, 1.677418708801270, 50.000000000000000, 50.000015258789062
1.999999046325684, 1.741934776306152, 50.000000000000000, 50.000015258789062
1.999999046325684, 1.806450843811035, 50.000000000000000, 50.000015258789062
1.999999046325684, 1.870966911315918, 50.000000000000000, 50.000015258789062
1.999999046325684, 1.935482978820801, 50.000000000000000, 50.000015258789062
1.999999046325684, 1.999999046325684, 50.000000000000000, 50.000015258789062
